1419
2952
4798
2578
901
3127
1198
4131
1856
3272
176
2950
4334
3743
770
1016
2169
1257
1088
1226
4580
2757
3671
2786
2297
197
1166
4195
3982
3854
408
2038
3188
173
99
1890
4748
1468
4571
1020
4280
3626
858
4116
3150
485
2228
3302
3108
1756
1867
1972
3976
977
3846
377
3902
4547
4703
1939
308
2979
1719
1074
2415
1285
2750
150
2355
2321
3811
2371
380
3412
518
3170
2188
1847
1707
693
2949
1117
147
4330
2525
881
2622
3453
3759
3548
1925
4351
4782
2462
2648
4395
2977
4264
4002
4939
971
2445
1665
1814
1675
4694
1052
1966
3984
3221
4150
4995
1131
3958
4737
1316
2893
4942
3409
2312
2264
2221
3082
1532
1882
2936
3609
3129
544
3046
4644
2340
4448
4362
2948
2062
2367
3473
2386
4716
1158
37
2768
4519
1373
4207
2420
1812
1139
4560
3621
3950
3195
1045
1396
4799
163
1788
733
4048
4402
3063
4229
3813
2055
4622
2574
2135
2167
1100
857
3528
4776
2520
2994
3660
21
296
4781
4521
398
4569
5
2608
4197
3499
4767
1513
63
2211
1877
2696
3521
190
1319
1827
3762
1902
259
4374
1724
2146
2973
1802
3643
1313
859
75
417
4259
532
837
2277
1179
4442
222
161
1789
2487
1133
4980
2254
4638
4303
334
1505
3306
2766
1881
204
757
585
1819
2246
4561
1529
2806
2560
4656
4391
234
4307
1081
1613
401
889
424
126
3232
3596
4220
363
3618
4078
1879
1609
2029
2399
4187
2875
2654
1501
2624
2091
3657
1528
611
996
4627
292
2413
3789
4036
4101
2011
624
3915
76
4223
304
3437
1797
4357
2485
325
4435
1004
2989
3532
3235
2065
86
263
4389
2920
1631
1524
4813
2129
637
3045
4141
4326
300
1622
3245
4251
3620
2659
3791
4852
1652
3981
735
1542
4279
4039
2516
2735
2093
23
4105
4411
67
382
3250
152
3130
2642
4
3721
3201
3073
4497
521
3217
2969
2763
600
4659
4106
2506
3167
4894
2510
2849
2258
3770
3205
1793
954
2653
2077
2923
1547
98
3706
2435
3109
3092
2008
685
675
1971
1292
275
207
601
1306
1688
4490
1310
2894
622
9
3764
3288
4203
2225
2758
1475
623
1374
4965
274
2231
3249
1206
4710
3888
697
1824
2389
4486
3325
3692
4774
1977
1937
2089
1799
3136
4930
2917
1729
1457
4988
4715
1301
3273
2798
1745
1530
4593
1809
1764
4257
4671
2627
2910
2862
4052
2965
1433
3191
4528
3058
3254
4704
1192
1343
2749
1664
688
1340
4228
3114
3730
2174
1406
1660
2547
701
3897
1763
2985
994
3106
2155
2878
3034
1440
760
1129
618
4859
776
4922
4957
4304
483
3879
3013
2657
378
642
1941
2346
2988
3033
2499
2014
4996
3964
4840
742
3840
4890
1483
864
1567
356
1474
3097
1032
1698
4626
3260
2968
1989
1875
3929
556
2345
4688
3072
4800
3308
4664
253
2061
3599
4434
3252
3574
2064
288
1307
2287
2114
2021
362
3169
4127
3164
3399
4999
1519
3459
4179
3024
2384
4369
189
1456
3857
4496
767
1589
1620
495
647
2982
510
4324
179
93
678
1826
1794
144
630
3315
683
2369
348
482
3712
1385
1841
1687
1608
3296
395
2639
1103
3166
115
4793
1821
732
3597
2990
2191
3687
1601
3591
3895
3154
3143
3688
4244
1621
493
3059
2316
4390
655
2869
3991
1300
988
2890
4850
2726
4180
4629
4424
2593
420
4527
2080
1974
15
1831
538
1531
2290
4057
4711
2173
3398
587
2484
4196
4049
244
1363
915
2596
3928
3882
3627
862
4508
764
3814
481
361
1305
1127
1250
2232
3550
3818
1767
4548
3917
3681
2719
3810
2200
4040
3215
634
232
3560
3563
2430
1638
2019
1018
3282
397
1450
2362
2358
384
4143
4953
3135
1050
3999
1736
1874
4637
2767
2916
2999
3775
3708
4938
4805
206
4258
2957
736
3038
4966
771
400
1183
1442
2354
2900
1834
1309
1304
4070
45
289
2187
784
399
2489
4583
4470
2686
3298
2198
4936
1892
4834
1421
3698
1287
885
473
4973
4474
1461
2746
964
1591
2067
4317
120
944
3098
3480
3309
474
4617
4912
13
2153
4986
529
2285
1891
2876
303
934
782
2102
4609
4062
2576
129
386
293
2539
3543
4970
4549
4476
4816
4493
3012
2886
4205
4278
2491
61
3826
2408
4413
1734
1097
2888
3279
128
2728
2854
349
4780
2162
826
4261
2739
959
1223
240
4035
2109
1043
4034
1267
3161
1157
1611
4543
1108
2511
4841
4597
59
4674
567
2303
1463
4188
751
2166
3156
4950
4074
2050
4532
3633
322
1701
4911
1027
3149
2699
1242
4723
3241
1416
4997
564
1407
1482
1507
3674
3727
1593
4678
4854
2483
1035
4302
2913
2094
2190
3364
1965
2644
1889
2698
2860
1769
2132
2602
4276
3213
372
1973
4972
357
4884
3844
2508
4788
1260
1938
2075
1330
786
3630
3517
3077
38
4371
2727
595
2418
1585
1221
939
813
1044
2706
1710
2558
838
1095
1199
2897
2677
3003
3889
3152
29
4648
4977
3477
1491
1551
1813
1085
4667
4206
462
528
89
1040
2753
2613
1927
2073
3899
4110
113
2434
154
795
1955
2379
3396
3575
297
2268
568
3266
107
541
1339
437
4349
1212
4728
4487
1288
4994
2120
1325
631
294
819
1137
281
3744
432
2238
2466
3462
2400
4042
2617
834
1021
793
2117
973
3653
2658
2320
1168
4242
1025
1694
3026
1731
169
2143
1999
4679
1383
3577
4281
788
785
290
4284
2885
3464
1013
1410
3581
3028
2383
4176
208
1612
2419
4518
3978
1704
967
100
2242
4853
1922
2424
3081
4199
4570
4505
2401
353
3175
2496
1116
527
4893
2352
1062
1627
2043
1712
2505
3757
911
1527
626
219
3246
1648
2194
2599
4215
2328
644
4440
3100
2058
2237
1115
707
3537
2158
3370
3896
2112
3036
3103
1598
3631
4897
4596
4255
1194
4551
2327
4372
4595
4731
3307
3880
2406
710
4263
1269
1787
4421
4815
3317
388
2609
2904
501
4032
33
3822
1111
1028
1328
2431
1217
2870
4331
706
3436
4046
1185
535
3679
718
4522
3042
1785
4619
1906
2587
3448
1748
4526
2172
2818
2476
4236
1107
2278
744
833
2633
4896
2226
2517
2892
1132
1800
4899
4982
2836
4414
4754
1926
3773
1486
2461
3438
1200
1057
1215
3776
4162
2577
2771
4029
2864
4288
2740
4686
1540
3682
2902
3954
2680
1211
2582
87
1817
4107
3598
2889
2911
145
185
4669
917
3809
2664
3742
3612
3159
1845
872
2548
1219
1899
4075
3405
1193
2559
3418
2309
4882
1400
310
2679
839
3566
2830
2704
2024
3805
4546
439
180
319
220
4031
2468
3295
3312
4338
3203
1366
708
3094
1525
2241
4712
3363
1534
4172
559
3075
662
1962
1066
2443
2337
419
3967
681
2733
1106
1923
1181
4202
2133
442
2467
669
233
4214
4055
3878
1466
4473
491
2387
4904
4010
1286
4367
2943
3051
3189
1988
2181
1251
3404
730
2815
3973
3190
2537
3413
4550
2395
1086
2863
3971
1641
2372
1643
4133
1227
2150
3277
4643
1347
3334
3495
4137
3050
194
2433
3927
2707
4761
3146
4041
406
3230
203
4962
3192
2265
2575
40
3611
3068
810
2668
2236
1979
4906
2689
4891
307
830
268
3284
1854
3569
314
1333
3890
3750
4112
1395
4766
404
2192
4689
579
921
581
461
3858
2072
172
1324
1413
186
3557
1265
1691
2040
1647
198
312
4771
3111
4245
2164
553
171
2935
698
3690
4339
2562
3847
4589
3126
4097
4557
4346
3734
4874
1684
4838
4558
2960
2769
2752
4618
3168
3139
1336
1455
3291
326
943
676
1526
3753
4286
258
1298
3029
3236
1175
635
2906
3610
3200
2866
1533
4194
387
131
3311
4219
3101
1625
3180
1586
1945
195
3639
2931
2561
2456
4821
3432
2097
2692
2495
1376
4494
4289
3014
3394
4360
1953
1796
1296
2381
1197
3234
4649
876
4958
4368
3732
1594
2088
291
928
1449
3372
3949
2409
1910
2410
2482
4662
4987
4483
2195
1777
2382
1692
850
798
3486
1431
2744
3408
3493
2314
3527
1968
4969
134
1399
3723
3572
1732
2364
1575
2564
3930
4555
1365
801
1234
749
4514
2730
1224
4312
3533
3737
1825
1353
3963
2465
2332
459
4408
2339
2723
1203
1063
4290
1404
2610
1216
1239
3605
4531
1138
1718
3686
832
1693
2557
4053
3160
3032
1341
966
2125
4584
4429
1253
3497
1667
1654
946
4386
2915
4096
2594
3281
2790
3914
3385
3957
1278
3424
700
1738
1860
4879
4901
280
2616
4204
2947
4931
1464
4804
1176
1830
1597
30
976
1053
3852
3860
125
2592
704
2772
4861
2288
792
3329
2469
2017
1607
1308
3420
992
340
628
3514
4453
3080
434
4471
4233
1699
4500
2099
4445
4088
464
2488
3265
873
738
287
4707
3115
1757
2637
1914
4684
3943
1236
3510
4341
4170
549
4826
3694
2571
4929
3583
4868
791
1749
1864
2045
540
3861
1550
3482
3819
4083
4300
1113
69
2311
4790
2636
4945
211
4262
2363
2398
2782
4763
2760
3647
3623
3966
212
3096
376
656
4239
4015
316
2987
4933
178
2827
3375
821
1839
3461
1702
3386
1852
1154
4792
1438
4174
1172
2002
1993
4620
1832
4968
3906
1435
2448
3654
299
2291
2661
2035
2944
1222
3242
2037
2028
3842
3292
3338
1210
1587
4915
2794
3392
3371
737
2473
1077
4117
916
1255
3993
2152
4431
1544
1954
2176
2700
763
14
2330
4443
1503
1602
2262
3025
4770
1727
520
457
1918
4285
2438
4308
4417
4745
2391
2202
651
55
4405
4932
3384
880
3251
1443
4095
1006
43
4323
2250
4820
4243
3848
3023
3078
344
4332
2615
3754
4016
2271
1624
3911
3592
4615
2714
1997
282
3463
3395
3573
2218
2589
1639
4147
1952
3739
2835
1220
50
3564
3218
3079
4498
4758
1806
3359
578
1537
1555
3134
980
2013
4919
3122
4885
467
829
72
162
2647
2800
3781
847
4114
987
648
2123
4069
1480
2946
4217
1859
950
3601
1007
3817
3767
4181
1720
2670
2160
2996
3019
3181
1275
18
1588
2266
3661
175
3641
3738
1766
3110
1487
3522
4419
4457
670
2793
1679
1155
2286
1348
1792
2324
2079
867
902
4438
4060
1863
659
4305
4587
2865
2272
3716
4858
336
1837
1495
4749
4975
627
3433
3407
2458
4291
3138
4708
1290
2427
1354
3839
891
3648
2843
320
3675
3494
2051
2799
807
920
2580
638
4277
870
588
4375
118
2451
3667
4023
2269
2459
379
4271
1011
1022
1616
3347
1002
3009
4428
435
3830
2275
1987
1241
1358
2212
602
1662
4321
3680
4186
3040
1059
2403
34
4030
1617
4455
2477
4115
46
4727
3133
2552
1990
3120
3401
2813
3604
140
2127
216
2449
4979
2044
781
2568
4740
2361
4329
2643
3849
4489
2087
805
3508
1099
85
808
3219
3017
511
221
1105
3006
3673
900
1418
3088
3855
4706
450
2347
4905
1458
671
1207
3452
4641
3322
270
2224
1801
960
3206
4900
2898
3803
477
4787
4430
984
1554
1934
2635
2640
2831
530
1249
4250
4061
3951
2479
4449
2041
3585
2147
1573
3476
96
582
2022
301
575
2925
119
552
466
3946
4857
2178
4252
554
4954
4736
1311
1423
1762
2317
1152
284
2783
4878
3083
2940
1807
1810
2005
1180
4299
523
1857
2140
3187
26
1835
4961
3749
1012
1569
2193
4192
3380
4441
3553
1781
4298
2295
762
1978
49
4167
1065
1628
2018
3321
2736
1082
159
2329
3683
892
2252
1963
3926
2394
726
4843
3530
452
1818
2141
4224
1759
3519
257
3429
1067
4677
3487
761
3165
4699
1871
4056
4545
1141
109
3947
1434
1246
1944
3224
2407
3655
3856
245
4396
4585
2299
2741
74
1462
2873
3745
157
1428
4385
3118
4461
1178
4631
4356
545
2841
646
4586
4000
1342
3835
277
3285
3663
4985
2941
884
2922
2101
4335
4670
1637
1017
3286
4886
2710
4621
4533
451
1580
1931
2247
1873
2001
1429
1912
1947
3524
2773
4148
4635
271
989
2802
4017
1499
122
3831
1064
3289
4943
599
2899
2939
238
454
1670
4870
514
1903
4160
286
3693
3571
3608
11
695
3132
2504
1913
3090
200
2781
1668
1552
1205
1632
4544
3801
4158
3997
1960
1264
869
2682
2429
2007
3904
4681
500
4275
3782
2834
1335
2974
3503
433
4108
603
687
1386
1189
2036
1233
2084
1408
2059
2850
4784
2283
4315
2441
1102
4043
1326
60
684
3263
1303
3239
1782
3707
345
4823
2588
2825
3726
4090
3323
620
490
652
3457
2528
2792
3968
4342
3157
1876
1448
2591
3342
1908
4536
560
4825
4139
2182
3301
3142
1502
2171
2310
1417
2234
4713
3932
1121
2183
2859
1907
861
4294
3089
3500
2165
4447
1689
463
4726
1983
3066
479
2300
423
202
2217
2081
1150
2556
2972
262
1284
1289
2475
2891
4211
2605
2937
3910
2179
561
1568
617
1362
2446
276
1558
1297
2908
71
402
2115
2566
2095
486
4511
1760
3912
4322
4830
2619
2170
1277
2716
2529
747
1037
2034
4210
3590
2199
2785
3434
2370
4364
3316
3177
1254
2703
1204
2966
261
516
278
1079
558
1496
1635
1186
4269
4123
135
2630
4501
608
1522
3871
3800
3662
158
375
3451
1508
680
4655
124
2385
3356
3886
2124
73
831
4509
4063
2748
4991
3689
1836
4976
4775
3483
4594
2412
3614
1390
4772
2901
1409
4221
4724
80
1695
1473
273
3793
4803
236
302
816
4591
2715
2629
4388
2267
2335
1562
36
4855
494
1029
337
4318
741
2353
1214
3343
229
1956
4502
218
1001
3172
3084
4924
802
3731
70
1915
4539
4145
3004
1334
2392
4467
4340
2530
1005
2742
4680
1479
2765
1314
1843
4412
3937
1048
4981
4937
2951
3358
25
836
3052
842
2203
2027
2724
3685
4944
1361
2810
4756
223
1603
3000
665
1389
2555
4789
1437
2323
2279
1459
2344
2397
4469
519
922
2896
4232
27
1122
2509
555
1943
4692
1646
1506
3587
2085
709
1984
4365
3884
3466
822
571
2523
1393
1509
1897
983
1302
117
2538
4848
1467
4864
2544
2349
3104
2980
1866
3506
1739
2927
3629
110
3131
2962
160
2858
250
2206
4642
295
4068
546
4045
333
4959
339
3283
2524
3290
4810
3353
1230
2360
4556
3060
4124
3948
3748
4013
3450
4806
936
4516
2846
3271
92
1600
1538
1581
3769
205
3718
1272
649
3211
524
373
2284
1754
1472
3125
1985
953
937
4613
1497
1036
4230
2500
121
1846
3798
1886
4014
3894
633
4038
2822
1026
1156
4851
2393
2690
2725
668
4814
3365
3186
2681
746
4256
1371
572
3552
1661
35
2533
2531
2257
4409
1258
1980
3867
1476
3022
4598
2914
1160
4129
2307
4941
3705
283
1803
1790
227
414
3551
2070
927
3345
4869
1201
509
3898
1685
1120
4359
2665
815
2306
1469
4778
3877
2503
4541
905
4282
4067
1696
4525
2563
256
1263
455
874
1728
343
3820
2840
103
3337
4657
3378
2953
4875
3635
1982
3210
855
3645
961
3422
1604
4614
224
123
1015
2731
1512
2331
4785
3074
4865
1636
54
3141
2245
2144
2545
2342
3625
1709
3870
213
2808
1280
1737
3995
2747
4209
3113
4190
515
4762
2281
3796
1061
2452
3498
1188
3054
1610
3741
715
104
1673
3992
3666
3248
10
2235
4361
2298
3237
1970
1838
52
4336
3467
3511
828
137
1623
4599
58
3015
4313
4757
4983
866
1650
508
3056
3709
3102
3576
2343
2318
3628
4592
1312
2995
4967
155
2230
2938
3485
3095
4378
2553
2607
4559
3841
4697
2673
1690
1776
3936
719
1411
2650
1092
2378
4581
2031
1401
1571
1848
1130
573
3488
1959
313
4051
3802
3989
1663
4590
4910
2233
539
1055
3324
779
2853
4404
3567
3837
2227
3512
3758
3972
368
2042
1949
2584
774
4675
2604
3244
3944
3851
2111
1420
965
3615
407
108
2754
3892
2992
2223
3182
4974
2319
2546
3377
672
3916
1091
1919
731
2729
4092
1582
4337
2628
3751
1243
3546
4415
1683
4653
2666
2779
3414
4507
887
4811
4797
4306
3093
1104
4512
1345
4604
645
985
2981
2997
1644
4542
3406
974
3261
4094
251
2256
2411
1281
502
4423
3717
3672
1388
2586
65
3935
3455
68
3664
563
4246
3876
3806
1378
1098
31
1703
2422
3140
235
513
2991
1432
4122
47
4634
3064
2691
1842
4698
3933
3873
777
1087
2971
796
890
1038
4333
3053
2543
4831
641
2573
1356
2159
2302
1256
3471
3491
2669
3934
2220
184
3037
969
4001
3441
1539
4718
2359
4480
4163
1019
374
1828
1240
1485
309
4964
4835
525
2712
1076
2009
1238
4576
3875
4647
1808
246
3804
4466
2296
4786
3907
4777
2463
2697
1068
1170
4903
1266
53
1986
3469
3397
3559
1992
4314
1023
4394
2829
4169
3381
2926
2695
1355
3921
4272
3357
1320
2006
1323
2751
1245
968
2414
1928
2662
390
4902
3650
4917
1536
4856
4382
2177
2274
3416
4152
2455
266
3589
536
1484
1649
1136
2572
919
912
2156
2909
1322
1422
3540
4822
1744
604
2248
446
1599
4753
577
3593
3922
264
1865
3171
44
3695
4026
2196
903
3065
835
948
445
3784
3137
958
4130
1441
3702
4185
4178
716
4663
4227
1060
4844
3435
1844
4709
1595
1058
4401
1415
1572
1397
4720
24
2929
3421
3002
4574
3554
740
1101
1196
3670
1758
4860
1981
2597
2618
1883
1784
4529
4658
4750
4235
4444
1761
4892
2450
412
4212
3259
4742
2023
82
2809
2163
1514
2464
584
962
2536
2423
51
3220
1425
4836
2638
2711
632
503
4384
142
3529
1640
3714
1162
3001
3845
252
1577
4773
2777
3913
4260
1853
2954
3007
4833
3313
8
1047
924
4735
3367
1804
4926
963
1969
148
1261
883
3952
1084
1862
1488
2315
4920
4140
2083
1909
868
2063
957
4295
4393
255
1291
106
1493
4623
3925
848
1678
2292
151
4652
840
2417
1321
4739
4301
444
2078
4132
478
1118
3326
758
3366
2276
909
4343
427
3340
4695
705
4484
1633
84
2527
1191
2967
101
1350
3887
389
4632
1145
448
2598
3335
1669
4759
926
1774
2570
4765
4993
1998
804
3327
1268
871
590
1259
2585
664
324
329
3351
2294
3725
4863
484
3481
2867
3903
1119
2812
1523
453
3523
4862
2208
1080
4146
4801
952
2621
2788
4109
2861
3975
3264
260
351
241
2118
2907
2804
3478
3924
2590
1560
4459
4612
935
3304
4520
1961
997
2244
2416
1964
2100
2687
2404
165
845
1143
4266
2837
2348
3701
4654
1717
4007
210
2116
1893
2708
2376
3336
4538
3179
4327
3823
2550
2945
1248
3300
2964
940
3833
4553
2738
583
2998
1093
3400
139
2336
4081
1929
938
3021
4155
800
3834
542
3642
499
1723
0
3542
2215
3955
2154
2356
440
2046
4136
4311
4200
2986
168
2984
2535
2775
4888
1126
1346
2207
2388
4510
531
1940
3541
3319
907
3178
3447
4027
1134
2933
3668
2581
586
2025
3468
1975
2137
3067
2787
1713
2887
3756
619
2833
2855
2047
3994
4605
3829
597
2603
4024
3636
2702
4568
174
3227
1651
4164
2569
3440
421
2341
2447
616
3617
636
2494
3361
1880
2249
4400
4608
4161
4971
3341
4121
1905
2874
4248
3257
753
3333
875
1779
3270
215
1477
1578
4021
3836
470
95
1741
405
3107
164
2205
1445
2660
4665
3379
3703
111
2377
239
4700
2057
3832
2789
686
1142
882
1656
1901
3684
1337
4432
1642
3299
3039
1674
1566
3988
1051
3816
852
3869
1453
2076
4960
2069
447
3174
385
2426
956
1391
2884
787
3018
1823
4080
416
3247
714
369
3677
497
1164
1780
3956
790
660
896
904
1868
2784
269
2934
2762
4171
3600
4741
3253
3145
4175
3426
2823
614
591
2498
3
3970
4058
2201
4817
1282
663
2501
1791
418
1916
1778
4940
3799
4952
3900
3199
3222
17
1770
4426
1
3360
3595
381
3428
1584
1733
4877
4537
3086
1069
4562
2219
2020
3656
1921
1564
366
1898
2149
551
2490
825
3986
1112
653
4676
4839
3865
2976
3505
2128
1721
4479
1935
906
488
4452
2142
3410
138
3700
1367
4630
863
3872
4099
78
1218
3547
895
4119
2721
1332
773
3763
267
2522
4120
2600
4189
170
756
4530
2098
3490
4154
769
755
4666
809
3783
1967
19
3825
4984
4011
2817
1247
4240
1932
2764
4791
768
3041
410
4701
2959
1740
3509
3472
3057
1855
2526
3049
4881
4213
1405
403
2713
612
1403
4462
4610
803
4416
3258
610
285
3124
897
1315
1153
4796
2534
1382
2720
512
3216
2261
931
674
2839
3016
358
3534
4397
3974
1452
2402
877
4636
625
2512
4376
4755
443
3651
3940
3586
4935
570
3520
331
1655
323
986
1317
606
2107
3280
317
32
2583
1700
3116
1357
574
2645
3332
3779
694
721
3128
814
1714
1046
1924
2880
1293
3603
3027
2243
2805
3502
3158
1398
4193
3570
1697
725
3649
2428
4934
2301
3148
754
3792
1936
566
1073
3696
391
4866
569
1994
4951
4008
1730
1031
2770
2313
2709
550
2620
2683
3243
4495
1833
3147
4076
1896
3987
2819
4237
3771
4992
429
94
3430
196
146
2983
3010
4579
3594
3977
4366
4465
458
4253
1933
3388
4347
2625
41
3362
3774
4998
105
775
4685
1579
346
83
2718
243
1645
392
4454
1231
1008
4819
2003
4588
4963
2151
4005
3539
2532
4355
4948
2049
1014
2801
1743
2293
955
4325
4913
2842
1605
3652
4523
3474
728
2368
3638
2663
1124
2304
2651
4989
2457
3658
3644
1991
993
1659
894
3267
2928
472
3961
441
1795
827
2791
594
1128
3853
772
3444
3691
2542
188
3561
605
4719
4842
3613
2322
1202
4363
352
1541
2882
182
2761
2565
1171
330
3953
3535
3531
899
2797
2852
4113
4818
1369
2305
4824
4808
2688
449
489
2970
3144
48
1606
1387
272
4020
4125
4535
1996
1190
3460
3544
2060
4732
3901
431
4103
2054
1629
460
2032
298
723
1430
661
3985
780
841
3676
3123
2705
679
3752
4563
1574
2121
2437
4650
413
4760
1439
2333
4098
1481
2674
3048
315
3766
1394
4909
2634
4639
2838
3622
3923
3893
3011
371
209
1235
471
4153
4433
4602
2515
1318
2421
1375
615
4503
1746
2961
562
4779
4033
4564
2334
1034
1283
2240
4142
3417
4274
3582
3983
3305
3905
3431
3795
230
355
476
1447
4809
533
2131
4089
1436
4177
231
3207
2460
4472
4348
2204
4661
1209
4752
3606
79
812
1295
1146
3562
1619
1349
247
2655
1424
4845
2053
2975
1070
3061
2606
3475
2197
3055
57
3555
1490
4887
3449
4794
4651
3729
4377
972
2824
4173
2090
183
192
2656
650
2502
4320
4383
2554
2845
1634
2105
2186
4889
1294
722
3151
3838
2122
4646
2030
2405
4182
127
4946
1630
580
806
3962
2375
4795
116
2012
1208
2626
1747
4812
1677
4554
1884
739
1798
2601
1950
3314
657
3794
4044
878
3209
4702
1904
3640
1705
3850
3728
4705
2136
3960
2701
1869
3393
370
4517
64
342
970
1169
2521
1451
3262
4601
2052
1454
673
2436
16
4603
4065
2549
724
426
1517
2828
3349
2631
360
2280
3578
951
91
1352
979
2814
3425
4485
4082
918
2717
699
4354
1042
2161
4439
3352
187
3827
4350
4846
4683
2877
2168
62
860
4328
3005
2993
1056
411
1885
3274
4956
2857
4066
265
2289
199
4370
2807
347
3008
2684
3808
3918
4577
526
2380
1174
2216
711
1680
2444
4403
3874
2675
3602
1096
3607
4387
1359
3713
2756
3091
3736
4111
888
1237
4437
3747
4829
3939
1715
734
4077
3787
2694
3269
3786
908
1370
305
3797
3458
4463
1377
367
1465
249
3423
4477
682
893
2821
4009
1676
3665
759
745
4420
1681
3931
596
3228
3383
2
3965
1177
843
703
3785
3163
4247
2139
3303
4918
910
3062
3821
691
589
2213
3536
4640
143
1840
4729
3465
4914
717
3456
2071
2148
766
1078
1444
999
3979
3030
436
4492
2259
3549
3112
1071
3945
4499
824
3331
2453
2881
658
1147
4955
4566
3616
4064
3619
3843
2066
3439
4747
4047
743
90
498
817
765
2374
1920
1384
2811
1114
1671
3704
3194
4923
393
4126
1182
506
3070
242
2175
1276
4872
1125
2255
2033
4721
1786
3387
3525
438
1858
2145
4287
854
1708
4575
2743
364
712
3196
2126
2086
2056
4898
3920
1851
4208
4744
811
3278
4873
3369
1535
2263
942
1948
2868
415
3711
1888
2932
2214
4633
925
4436
727
3355
3538
3565
3866
913
1900
1816
4234
153
3883
4628
335
2734
465
3310
3761
1930
1094
4270
2732
856
2396
4725
3919
3470
3941
3339
666
1446
990
1951
2157
4928
3996
609
4093
2000
4091
3442
2774
1820
2039
1672
1861
2074
4660
4578
4267
1773
1515
4085
350
1722
3044
4353
2082
3678
1765
1229
2641
177
2540
2871
941
2138
3516
1557
4867
1173
851
3368
4672
4222
504
4464
1753
667
4054
2048
2004
2209
3031
1412
1711
2832
1244
2919
2425
3556
4534
2693
4358
3735
4733
1917
2108
1995
4573
2015
332
4451
3969
1083
507
4616
4191
1075
1545
2963
4895
1213
3790
654
201
1768
1360
4238
4004
3862
327
359
3214
2803
4690
1392
4310
4828
3035
3212
4717
933
3173
4450
713
3484
2778
2795
3864
2759
4128
689
4159
2010
1338
4102
1521
3346
4157
2185
456
3225
1279
4625
3069
1911
4880
4134
3579
3637
4552
4456
3427
3276
3233
690
3344
4165
2567
2551
2471
4100
328
879
2905
534
4216
2646
4783
1686
1626
217
3121
2848
643
3624
1518
1024
2110
4268
181
3724
547
4738
517
166
1167
2611
39
1109
77
1504
4072
1895
947
2222
3746
4611
1614
492
3492
3891
4283
3515
991
3998
4693
4118
2820
3446
1811
3293
4012
1364
1427
4916
2229
365
3229
1565
3240
898
949
565
2958
4475
2780
42
3297
4769
3772
2955
3990
505
4947
311
3646
1511
3697
4847
4407
1009
1815
1426
1563
2365
4582
914
4231
4319
1894
3287
480
3099
81
2470
923
4316
629
1402
4572
1559
1666
1543
3720
4876
3859
4399
4418
1570
2440
3710
4746
3193
1140
1471
1822
4837
2816
2103
3768
4565
4273
1144
3328
4478
846
3778
114
136
2119
2632
677
1159
3828
2096
818
66
1850
4921
3760
1232
468
729
112
3198
383
2685
4050
2676
1273
496
3374
1072
4687
2918
1089
4734
789
849
130
4468
248
2851
3202
1123
338
1716
592
4682
1327
3382
3275
1592
133
1596
1755
929
4506
752
4730
56
750
2826
2614
1549
1262
4645
2432
4491
4764
1299
4481
4019
981
640
2189
4458
4201
3454
4073
2912
778
2671
2847
3419
945
4425
3020
1735
3765
409
141
2519
193
487
226
4218
88
1492
1752
557
2486
3403
593
2518
4166
4978
1041
4087
3184
1958
2667
1379
3330
4135
2879
3373
1030
998
3881
1329
2513
428
156
2068
3908
3208
1331
4018
2722
1090
2497
1381
2373
2270
4802
2253
3117
4183
720
865
797
1274
4606
2239
394
4925
2104
4504
3415
1110
4241
3518
3354
2930
1510
2492
794
3942
7
2776
3256
279
4427
4293
4883
12
3780
1775
1849
1520
1033
1498
167
548
613
1583
4513
4138
4567
2903
6
3580
2260
149
2366
4292
3719
543
4381
3350
978
2092
2472
3526
1829
4149
3185
4071
1653
3119
4296
3105
4079
1887
2210
2113
4168
4226
4668
886
3588
4037
1494
4344
4482
1149
1195
2016
3389
4460
696
4345
4084
4949
4832
537
1010
3071
2454
1049
4410
2737
4696
1805
4743
2357
621
4006
4607
306
4398
4392
3669
1228
1771
3268
2026
4198
3715
3545
2390
3043
341
3390
3501
3909
3513
1478
2106
430
3318
3076
3863
1957
3980
2481
4379
2924
2942
2956
4025
853
2745
3391
1500
2308
2672
4871
97
4297
2652
3443
3496
2872
228
1054
1135
237
4086
3632
2273
1682
844
254
2895
3479
1151
1470
4144
2623
1187
3231
1553
2755
3223
1165
930
607
4524
2439
823
4380
4249
4691
225
2595
1372
3959
4714
102
2326
2921
3226
3085
1161
3402
214
4022
422
1252
1658
3885
692
2351
1271
396
1942
3155
1225
576
4156
2180
2130
3938
4600
3868
1742
1184
354
1872
2478
4908
4151
3320
4751
975
1460
1976
3788
639
2184
1706
425
4373
3722
3815
1000
2282
28
3699
598
1750
2678
4225
2474
321
3047
4488
1380
982
1516
3376
4059
20
2844
469
4446
3255
3348
1556
3584
1590
4624
748
3777
820
3204
1414
1548
1368
4927
2514
702
1270
475
3162
2442
4184
4768
4003
1163
3197
4849
3558
4309
1783
4673
1946
3740
995
4352
2649
4990
522
4907
3807
1618
1772
2507
3411
2325
2883
3568
2251
4722
132
2493
4104
1546
2134
1561
3489
1657
1148
3504
3238
1870
3445
1726
191
1489
2796
1003
1039
4406
2579
2612
1751
4422
3755
3153
3507
783
2541
1878
4515
1576
1351
2480
3294
799
3812
3733
4028
3183
2856
1615
3659
1725
2978
1344
4827
3634
3824
4807
4254
932
22
2338
3087
4265
2350
318
3176
4540
