2014
2898
6158
5710
4635
2640
3342
3414
1992
688
5989
4588
8603
5281
3981
8906
5394
781
1169
5182
5618
956
4426
644
7874
5660
2291
4100
8106
5693
8868
3267
7355
8859
7531
1086
1320
3648
6271
3536
1835
9957
7130
3796
2344
5812
5131
4562
4779
1210
6720
155
2113
3926
5691
4015
5742
2410
6737
3085
9624
212
6719
2494
8953
8790
8855
2104
3320
5169
4131
8145
2038
6809
2924
8045
3860
6257
7036
4847
2990
413
6518
6874
441
5867
9252
8285
995
3754
1593
3691
242
5843
4337
1207
6059
4259
8546
8835
1895
8439
3238
3598
9966
7798
4133
4972
6841
4329
7196
7890
9412
8952
9297
1274
800
1789
9367
332
5040
7227
2638
6176
7977
9137
501
611
1799
9357
4690
5231
7236
6288
4607
323
2044
2026
9290
8715
426
7884
1915
8936
6608
8497
9189
3562
6539
9611
1604
6563
5717
8521
5383
3376
6969
6805
571
7271
2384
4488
7727
1237
2520
3582
4859
3749
5950
6415
6701
9584
7591
3448
7680
7550
188
5379
5472
1533
1454
4892
5347
5909
3293
9082
5951
9394
3014
2425
1945
3463
6722
1070
7765
1894
565
3063
66
626
3447
453
7053
1677
7472
9970
2223
9608
4976
9922
6105
5300
1231
9375
5407
1791
9414
1405
8298
2978
4545
4397
4143
1524
7080
236
1713
9109
684
9813
2059
1705
2108
9676
9934
7014
1363
9393
1582
2635
8979
4163
8759
5063
3010
2509
2937
2745
3083
2664
8917
8220
1522
7303
7210
681
3555
2186
6457
9557
7424
2297
4280
9217
9195
2423
8432
9149
9848
2073
6045
9865
8966
5728
4726
4883
112
6980
8224
2604
2566
8608
8678
2806
587
4887
5183
7005
76
6854
4569
5170
8136
5987
8201
9313
2366
2505
1208
492
7148
7574
923
5417
7390
8708
5451
6535
3402
4464
3113
378
6609
2009
7122
8985
7748
6789
3664
8826
9532
8772
8027
1218
3361
1842
1383
4287
2587
8568
7323
9870
5534
7747
2544
3828
2949
3307
9744
757
5411
7713
8326
4987
4083
6261
528
1703
4101
160
5939
9826
5110
3908
6450
8643
51
5371
9046
8673
71
8840
5823
174
6778
8449
1675
1290
5123
4425
8393
7810
1692
4442
6942
4664
1968
9022
561
3645
741
5310
7152
8647
1425
1704
1819
5966
1253
4914
9656
9024
7228
4905
9842
8515
9348
8252
9457
3906
2099
2861
4942
9050
4804
6944
5834
4547
799
9213
6214
4424
3170
617
3462
2265
1885
8751
5418
2815
3718
5007
2546
7757
818
6511
6413
6857
1223
2780
2564
8777
2713
9093
4589
175
880
4682
4808
7647
814
9999
6123
2036
8456
9642
5774
9388
4658
7766
1674
9820
2351
6491
4067
8050
3934
3684
4028
9587
860
8767
3058
2911
6074
1230
8786
3431
614
7744
2777
467
5755
6714
9754
3234
1062
4039
836
2759
5819
1040
8693
9979
8265
6820
6372
6523
4418
8567
28
9543
9882
4286
9480
4907
710
3850
9455
5748
9101
4501
7205
455
9821
6839
8894
650
337
8825
9145
9100
7988
4624
5535
2576
8742
3694
480
6397
5520
4636
1489
7600
3235
4868
1535
4108
5813
3771
5096
1509
434
3765
7243
8656
6908
5004
1412
840
4649
8196
7585
5082
1254
4666
1758
1575
1578
8617
9563
1545
2486
5216
5809
2168
5137
1181
1679
3656
8827
7978
2941
5405
3167
4358
4921
8516
8719
4218
6292
3672
7031
9560
4909
7821
6497
7353
6695
130
4392
7315
2967
1563
549
540
8877
8817
3060
1941
5658
202
2244
4084
5561
454
9126
9084
1995
166
9601
6281
6949
2024
2006
1318
25
6160
8039
5113
8676
8297
9440
9371
8592
4750
307
7613
1621
9997
8092
3807
1855
2582
6351
1179
3430
5416
6459
6078
1979
6255
8774
7974
5243
8356
449
1442
4336
3712
2905
5632
5152
5306
2741
3400
2373
5714
5815
9900
3439
9127
2064
494
1118
3671
1555
6954
3365
3871
6162
1465
269
7276
1602
3677
5725
4305
4162
6959
4129
6505
3222
5088
2393
7213
3011
328
957
7876
2158
5661
2328
7144
8178
7022
1839
6494
9911
7699
98
4817
7537
9161
4268
659
7792
9278
532
1165
3616
5832
7695
7897
3665
3612
4615
4504
3074
1277
8522
9446
2918
7929
9321
5466
1890
3081
171
3947
6560
9782
9184
5080
6813
4140
3472
6638
9465
7700
6500
4515
3870
245
2750
5212
833
542
3422
2932
2121
5164
5229
7526
4955
3425
3125
5397
7715
3355
6747
8972
3072
5571
8591
9631
7966
1083
5228
6445
3333
2770
1614
429
3173
4592
9132
8606
437
9397
3526
3286
3456
9363
5845
1649
6601
4364
6890
6449
7087
119
4303
8879
8184
1648
8107
6836
8530
2833
5270
1707
9881
4111
6620
1384
5925
4941
2799
1778
5369
5160
309
4330
3638
4408
3100
5274
9582
2192
8350
8065
1714
5838
1516
8377
2042
2703
7074
4677
4528
9891
10
6770
9872
4598
3211
3071
2960
4854
4819
512
2578
5941
5239
9053
300
5642
7528
6209
9091
277
2470
8987
5933
5074
4571
2877
6149
8831
5558
7409
9491
7325
8071
4568
7562
6905
6100
8112
7189
706
9596
9597
6319
4667
9267
7625
6569
6844
9969
1103
6066
4318
5525
8104
4047
8360
6613
3473
581
7341
2845
8030
6370
727
2513
857
7556
6371
6982
6018
3454
2432
7836
3493
6967
9436
6116
9937
5307
3047
8218
9566
3054
6799
271
543
6744
7524
3452
8198
7518
3568
9909
107
4220
9645
4174
2794
3007
6184
8463
6936
4324
6088
9435
605
8627
1260
7964
7619
8746
5555
2180
7235
3251
9684
5739
1011
7066
1373
5048
6751
305
9058
4950
2002
1695
2205
5311
6716
596
4744
7132
7943
8997
9867
8822
2289
8607
7658
3953
2058
1514
9211
6304
6512
4769
8980
4561
7301
1829
5403
7779
3668
7937
2973
5018
2018
4030
514
9437
6869
6279
6142
4038
4467
3160
9555
9319
1081
2562
3674
1224
3547
6927
7840
9156
5196
9406
4342
5848
9623
6790
3877
1252
9643
4926
1050
5348
3395
7028
8665
5489
4064
5839
2527
8007
3775
3663
8573
9335
7471
8695
7692
6396
764
783
2225
7321
1617
6692
5982
5161
5836
4534
7912
8253
1023
7802
3280
9940
1298
2446
4415
6987
7729
9116
7220
8053
5075
6814
2514
4711
4199
8207
7181
9476
7739
8129
7043
7681
7603
1689
802
6807
8679
6520
2510
5981
5934
4919
5651
2899
4281
4095
4801
6568
1871
7891
9781
2096
270
4024
8479
966
3457
4948
5061
2419
7092
7911
5831
6887
8612
7862
6428
2413
4945
4783
2594
8333
9927
8074
2893
4390
628
8529
4044
2273
2816
1978
365
6293
9283
3914
4402
6686
9725
9503
6594
7434
7354
5750
2883
5240
3813
6624
4712
6134
7670
2346
2997
445
8929
154
151
7801
5151
8284
2596
4889
6913
1730
4775
9893
8419
3371
8717
575
5165
9506
4076
1346
4691
1757
4851
1991
1499
6506
934
1831
973
1161
1830
5549
8899
9777
7318
914
2692
406
9334
3686
4939
1653
2919
3276
7677
824
8434
5260
7797
7442
536
354
5112
8729
6402
2942
8918
2153
5915
531
3356
6521
8823
2144
4835
3965
7126
8421
2336
5541
5102
4511
9977
2536
9648
3399
8682
6757
4105
2317
5439
1672
6460
7855
6043
9164
1615
9170
8185
3834
2043
8919
9287
9473
9719
5672
6711
604
1986
6401
4313
9943
6002
6341
7361
5634
868
6831
5533
7501
9884
3649
5140
2046
6699
3874
178
7646
5641
87
4229
9482
999
1709
3774
9266
2782
943
436
5537
215
1701
3197
2813
5190
8067
4441
4602
1000
1699
8509
911
3129
1458
8520
3444
3285
3469
5429
6318
1556
5614
6327
7803
1681
1657
3615
4784
5956
4977
8351
8094
3725
2197
4388
9218
7251
6170
641
7211
4492
6437
2045
3037
7999
5422
30
4508
5475
9873
4041
8792
2981
6201
477
6285
4335
4052
1777
7348
6647
1468
2249
2646
3581
6139
1540
9416
8302
4780
2639
291
3028
7489
2909
4448
556
5735
256
3026
1873
2401
8413
7226
5286
6047
9039
1077
2165
4119
3091
4154
3835
2219
105
3471
289
12
4321
9077
9461
993
1154
9174
9709
3710
5647
3383
2599
7925
6600
3605
1009
5246
952
3009
748
3421
5162
2740
4578
5271
3916
2682
2414
7435
4471
9529
7616
4155
3831
9855
6344
2341
5598
6159
2549
6306
6166
4908
8712
2229
22
3720
284
2538
9
2082
3950
1718
3882
2700
7958
8095
9666
6842
7659
9658
4805
593
311
897
9048
2488
1418
7075
5781
1375
2278
2269
2654
4359
2979
4580
3788
3590
2417
6642
2518
4373
6127
2329
1479
1102
1131
7914
8100
1031
4198
2852
2720
3241
8572
3435
1119
9417
3360
3352
5284
5720
5681
7837
1241
8595
905
6522
2838
7826
65
6591
3744
4579
4243
1511
2691
2193
5701
5043
2502
4376
8475
7761
3445
3141
6242
6852
7045
8517
8575
6312
8955
1397
5333
9981
1532
2450
2649
6534
796
625
4640
2603
2553
5185
7962
6219
3491
977
576
3087
7188
1999
3341
7127
2824
3740
5446
138
5979
2209
2993
4613
8279
8162
4241
3324
3107
4025
7948
7056
6742
5615
2774
3247
1409
3620
4453
912
3214
8103
9712
8937
5193
7649
4026
9663
4256
7475
355
1190
4074
330
4646
2320
662
7154
4884
7800
8216
2843
7741
1932
6650
7168
1239
2000
9384
3053
2935
927
1737
9083
2189
4714
4439
8061
5776
6266
3513
5786
2734
6821
5885
1636
404
6712
4058
5992
9404
5631
4520
3362
6748
9337
5676
6245
3353
2616
9890
6367
5327
1800
2647
6362
5320
1099
5351
3331
3676
1337
1923
7853
7300
3021
6802
6339
5814
132
7089
9044
7936
8628
9886
630
4777
5221
2475
9935
2987
2872
6064
6640
3488
6472
6966
1744
3317
7114
4148
7560
3345
687
5926
3420
6847
1482
6075
4126
2962
7832
2274
1599
9318
9232
438
5556
6850
1808
6217
1678
545
3149
2598
8788
1323
3057
3963
8484
7464
8245
1492
5267
700
5936
9188
2793
1954
2716
6420
2671
5656
6118
3654
427
6755
9747
1426
2243
196
5510
3929
3741
1123
8010
2850
4913
409
2964
3845
3617
3766
3330
5077
8258
8833
9804
8590
7923
8068
2570
5870
7938
2195
1740
6019
7316
1117
2330
2489
53
9620
1078
6228
1816
1172
8830
7401
1882
6200
7622
1437
6545
7606
2459
4943
8669
5178
5248
131
1329
5960
3622
583
447
6124
2652
5606
4916
3104
2081
6110
7094
505
7042
361
6464
4272
6937
1246
8363
2710
7624
8941
3196
9615
806
964
8280
3467
1170
5954
4713
1272
7903
8257
1157
838
5341
13
2559
8709
6485
4834
7566
5595
4687
6409
3479
5409
9711
2327
9182
5863
375
7365
795
8624
2321
4929
1201
4606
5682
7714
3949
8407
7898
3270
336
3551
7709
9238
1193
5462
5003
8856
6641
6726
8440
6053
3503
7951
3506
4683
4593
8850
6830
994
9016
1071
1002
9119
1215
9651
2874
3145
3565
6761
5406
1106
8652
3815
6503
1321
8364
5512
1101
9392
7987
2555
7260
5328
4832
4982
33
3092
1558
5663
586
2051
6979
3144
2537
773
9059
297
5273
6155
8543
3630
883
2580
6525
6659
1619
779
415
8513
3309
1865
38
8210
407
6230
4756
7113
4759
5100
8969
5060
657
5106
3868
9544
2333
2092
9845
6141
1827
8883
9314
5817
5144
2913
8638
7543
4161
4123
9607
5056
4463
6151
7771
2283
1147
6989
220
1411
3747
3988
2481
3029
4000
9259
3552
7536
298
1886
4755
4368
3905
6079
2387
3500
6527
768
6165
4466
567
7953
3067
9103
2785
5378
2832
7015
6211
9578
3833
4176
813
9926
9434
4053
5400
4953
3426
7037
8615
7529
5896
4823
6918
8235
9902
1276
4839
4225
9413
4522
2663
8541
3566
1266
2131
5305
4990
4741
3698
6004
5114
1794
9768
9674
1969
2573
9425
2686
4633
4001
728
7106
4091
4867
6849
771
8947
5582
9728
9208
1989
8158
3999
812
9694
640
8306
4048
43
7218
7653
8225
78
8824
1354
1732
1388
109
1477
8714
2504
9099
8888
3961
2579
9028
5098
4827
5354
2246
2668
807
276
1813
4540
2056
4348
8448
1609
2798
3179
7917
3495
5237
7648
3404
5790
2901
6860
7657
3227
1620
185
603
7539
4166
2164
9326
381
5733
1796
4736
6697
1731
5566
4765
5835
2363
1325
3967
3959
2711
878
6462
7881
2867
6679
7584
3767
1355
247
8672
3046
3079
1421
5690
8946
9067
9980
4748
7636
2722
7804
9773
9568
44
7883
7959
9380
8651
7418
8282
515
2105
3609
3499
6058
7166
8455
9688
4269
9374
9664
9115
8761
2102
92
2185
4200
2721
3112
4538
7449
3899
839
4962
5138
8561
88
2658
6348
244
6287
7570
8635
5769
1194
2548
3301
5393
9479
1046
2421
3776
5251
8411
1029
3131
2642
718
1608
817
8202
7340
9463
3329
123
7007
1017
1957
6530
8967
8601
7486
9369
1996
8703
3283
7952
8130
5421
6824
6218
9809
9246
1565
6615
1987
464
8126
8519
6252
5339
3210
8700
4339
4086
8728
7026
2714
4911
4526
7941
9697
7935
2916
5365
7640
6365
1853
2482
8574
4799
9626
6268
7651
8565
8739
2015
6068
8155
5654
2976
5745
9229
1956
4843
466
2159
8239
1392
3162
5041
8149
7776
6451
1068
2072
350
1981
7834
5187
5795
5412
645
2532
709
7755
9036
2439
715
2773
9148
2612
1216
3440
7088
3618
6549
6360
4031
5674
213
58
8043
3643
5209
2
1113
9561
4251
759
9262
9589
9501
5828
4073
2349
9310
675
2571
7357
6240
901
9510
3415
3939
3318
1573
8547
7406
7467
2434
8323
4202
1963
1288
8340
6179
275
6592
2791
607
2923
9003
5101
525
9700
1177
8588
1293
6109
486
5730
1834
2203
7965
310
4645
9665
5798
4529
7183
9851
1571
9447
6186
9352
3229
770
2443
6349
4923
7632
8732
3989
3323
9554
2461
7577
2890
9955
3296
6483
1361
6388
4253
8976
7263
6471
8203
4496
2868
2484
8653
4081
3960
6718
3801
149
7743
4625
5605
3290
3708
1357
877
4577
4947
2699
5230
285
1624
7470
1404
6330
805
7331
4018
8437
944
6838
8900
7587
935
4844
9243
9349
2332
5617
4988
6239
4961
7009
9829
6130
2239
4144
6153
3187
4885
876
8099
9220
4383
4210
6915
5199
1485
6408
3758
1279
4191
2957
4193
1474
2784
6432
9751
1422
4656
4434
2542
1840
439
1367
864
9959
7594
4320
7224
4758
7643
6607
5001
2965
5046
4217
6071
8737
8870
3601
1206
8775
6394
4557
6507
3373
5963
4132
6605
9085
3000
5329
7815
2241
4478
3184
6202
5518
1666
2683
8816
9289
9973
82
4370
2842
4692
7957
391
2665
9391
3122
3651
170
497
2194
4019
5109
7858
1515
3206
6832
720
5049
535
8329
5325
5855
8793
3808
2476
7986
5008
2270
1594
6877
5159
6474
2088
3137
884
4725
8704
400
5877
2211
9488
5295
5709
8131
6378
2138
6400
6334
4118
7410
9769
4261
7128
4946
2247
2589
2875
4328
4387
3687
7504
4527
3852
4967
7820
167
6152
4382
7483
9061
3208
250
1142
3466
7687
3717
678
8554
3038
9500
618
8618
6027
1765
9710
4790
3120
4610
6879
153
2169
6855
713
7359
4498
6072
4876
8152
9632
1698
1962
5363
2201
7496
3778
165
9962
1151
5167
3975
3522
6026
9120
2447
2956
4409
5375
5087
3990
5222
778
6425
3434
8331
544
6263
6197
5
8778
4959
6243
8135
7785
7641
446
4818
8046
3042
6532
1047
9612
108
8589
5818
7368
7262
5009
7146
3895
4701
1917
2258
4709
6741
2235
4435
8452
6957
9982
4697
5724
7329
1141
2127
8292
9672
8093
9537
3578
792
1045
5649
6997
5696
9693
6364
9800
5580
4983
7317
8057
4931
8779
5278
5176
1073
853
8921
6164
4414
7079
7615
4250
7170
8186
4429
6524
3389
1351
8631
2079
5830
5189
2684
3272
5465
2894
5017
9954
9636
9880
2821
8361
1843
1552
1715
7542
3543
5233
3035
6039
7221
3261
2859
2264
694
1767
2048
7589
3102
7592
5853
4934
3022
5527
9834
8633
4366
1984
203
6307
485
7940
7096
5119
2184
8334
4647
9936
3966
5903
3363
585
4147
3820
8069
9508
1134
6544
760
49
7071
8081
8412
1393
5563
8871
3332
3847
6797
8310
1754
2292
1007
8381
6347
4156
4628
8346
6660
8489
9535
7038
3492
9303
2245
1100
9616
7627
1043
7973
9581
8206
488
8017
6032
2552
916
4208
3061
9097
487
425
8427
3327
5235
4918
2637
633
9399
1728
1150
6971
3287
2440
4192
8286
4452
6976
6136
6353
7993
5440
6859
6274
9317
2688
8727
6556
1504
6818
6221
5181
4833
5143
1060
7177
6399
6161
2474
9681
5072
6749
5456
7764
229
9034
2808
1460
8290
2154
5436
6798
7716
6022
1741
2884
2200
2436
2889
9197
8622
8037
4616
9912
8305
39
3305
6578
2427
5458
3824
8553
2545
5866
5583
8660
7521
8415
7535
9377
3215
1854
6025
8423
9293
6888
286
2326
140
3624
3583
7090
577
8172
7983
5864
1494
9159
5616
3846
4012
6089
7947
5457
32
5089
6455
470
3861
101
7138
9801
1291
1362
5711
6407
6057
1809
1030
691
8390
6800
7595
3670
2925
2069
1380
2653
1872
8128
5899
2840
8787
8033
7405
7885
2178
6133
6011
537
7411
294
7298
9923
7109
3364
2611
9899
4311
8321
432
2376
3880
9489
6131
5984
976
832
2109
7502
6406
2362
3858
5628
5754
9118
7175
8749
7111
9984
5764
7439
7107
1203
3641
2779
3901
1597
6144
5467
7563
9548
6929
3497
5142
9779
3935
8540
3185
5619
147
7538
3883
2768
4785
2187
2826
4850
2581
8599
6237
1075
3792
8637
7204
6769
5364
295
7775
2126
7474
6143
7887
8593
8397
7549
1205
8118
9775
7583
9825
2717
3857
1637
8401
5129
2667
1852
1183
4221
2179
5438
3842
772
3851
6558
2781
6167
1436
3397
9051
1348
6476
2116
2334
9883
8999
7100
9670
1488
8240
7447
5884
1930
9490
8025
7311
2377
5553
9025
8417
4447
5695
4125
5435
2939
9199
6501
3739
1635
9696
4879
7415
7245
6244
3306
4900
8445
9598
3527
9502
7635
6481
4716
5707
8473
4461
280
9268
9530
1350
8477
478
8744
1211
9740
5242
4965
3150
1551
6733
2098
5584
1345
9812
3154
2928
2679
849
6584
6008
3992
2176
3998
9988
1880
3599
9540
3202
3559
5910
6467
3242
7789
2551
9668
3076
3862
3424
4207
3628
8795
5171
1937
9284
9141
4612
228
4840
2912
6746
3553
1814
9449
5459
2864
4533
3925
1296
9576
1864
4704
2188
4510
5057
1001
4822
9012
7060
5441
9165
7358
6553
7980
6062
3974
9453
9168
104
9742
4164
9306
3163
3232
763
2025
2554
8587
1125
6517
7718
3299
4738
6864
3983
9166
9478
636
2453
4792
3094
9722
6973
1152
7908
8702
1708
8664
3494
7985
3388
9362
2148
751
7477
9309
747
16
9522
1988
8842
738
9603
7366
3394
3279
9407
1650
1549
8908
3533
8837
7412
1038
8072
7426
2076
2352
6377
9852
5226
3155
9280
8898
2615
8992
2697
867
7754
4816
9373
4963
6964
2411
5743
359
7063
8480
4175
6853
4938
8332
4981
4717
4257
622
908
3190
5624
7590
2829
7098
2302
4213
7259
9452
4994
2503
2657
6040
8150
9014
6421
5519
2853
7391
2756
7149
7732
2492
945
8153
5673
8485
5560
5882
8596
9405
6537
4252
9484
7950
9198
2789
3055
4506
5384
3496
3875
4343
881
7453
2955
4514
3968
7008
6894
4002
4271
988
5125
4462
2462
2995
9358
9896
6380
3550
9194
3436
6670
4863
2561
4270
4347
3667
2511
6012
5594
6267
5543
7678
5802
4169
341
3682
758
84
9528
619
8288
5502
3962
5344
1352
9255
2322
4134
655
5263
742
939
9534
8299
1877
2943
421
1129
1144
9932
562
1782
3135
5326
6003
1500
393
2054
7793
8973
6661
5068
6934
8429
2820
5868
7774
9547
265
8713
3894
7105
2516
9550
4937
362
6405
4406
262
4115
4128
2234
3403
845
5854
376
9032
2724
922
5593
2174
6434
8828
4718
9678
6988
8180
6359
8436
5544
2163
4975
1067
6284
450
629
8199
7173
6379
4611
5224
8862
9595
660
8716
6106
534
5503
3504
8961
8161
3773
9617
6427
6571
2873
129
7203
6986
7654
331
2715
551
9011
7506
7685
2256
9614
6212
9410
4861
7788
1867
8846
2141
8441
8446
4312
5032
9088
9592
1823
9209
9808
2879
1400
4391
8233
7924
2590
9108
7751
3830
5712
937
599
448
784
6810
2400
7267
4686
950
1173
5283
3994
5688
1745
4903
6250
5188
906
1733
1503
9738
8254
9074
1933
6361
2892
352
2508
3626
2248
5721
9251
7711
5886
736
1940
809
418
1891
6017
3942
7759
6113
5285
9525
7960
2607
8942
8808
1381
6041
3123
1184
7839
2988
9947
4151
1302
4103
9439
218
984
1998
237
2375
90
580
2991
2010
6044
1112
2094
5204
5670
7967
9822
7384
1722
9986
7338
4888
8755
8293
6664
830
8525
6574
6298
9080
6412
9429
5084
116
4794
3572
3475
1155
29
1972
975
5480
1680
1438
9770
3385
3594
7612
3993
9805
1668
9749
2338
6893
290
1364
9868
6782
1613
1928
1108
6897
1837
9225
3108
5825
7294
5479
6265
5266
3623
8461
1693
6676
2379
3584
1312
5022
5010
7021
6112
843
7934
1275
6438
7102
5927
1244
7492
3226
9519
4915
4513
8392
7617
5788
8639
7184
2390
4638
6453
5175
9383
4182
5985
1053
197
3627
4497
7750
5523
4014
6736
1462
3015
6051
6169
2350
7293
2214
6690
6440
9121
1311
1303
1784
9191
3203
2285
1577
6251
3816
9064
8602
1691
3865
7901
4274
9106
1719
2910
4037
5587
9038
7050
1572
7422
5900
6876
5289
7373
4873
4158
8809
4152
8849
7349
8821
6308
3005
5897
7701
3230
2084
5322
9010
8264
509
3510
431
2276
4153
3531
6710
3313
8368
7500
2608
7169
6095
3136
7831
2618
110
9206
8187
6065
6299
4204
5350
7783
9200
6972
6389
899
926
5095
4346
293
8219
9567
9035
518
2451
1763
7896
8460
4092
8605
667
1245
6939
9682
2634
7178
3476
7456
9839
552
924
5122
4676
5036
7078
2359
6756
2279
4340
8353
9737
8385
6585
8179
2522
5662
6740
4710
4541
7469
3269
2968
8301
2887
5758
7076
2221
4798
5901
2953
9353
5092
9797
7339
318
7605
3952
2040
6276
8932
8654
4543
4670
6272
558
6750
6357
3177
4215
7813
9269
94
4679
1495
9799
6338
2992
61
1611
7176
8267
3078
2533
4495
5207
526
5913
6837
7682
756
887
4724
1696
3460
6960
142
2827
863
5359
4353
4910
6706
2727
8227
1792
647
6410
1178
4112
6634
1171
379
4231
231
7201
3130
7894
1845
7280
7939
2563
4531
3554
7289
2012
7328
268
1358
4264
385
6020
6693
533
1305
3976
4927
591
4762
648
663
2464
5042
7350
3780
5477
5177
3419
9163
99
7039
9787
9438
8938
1297
3165
4722
3647
5521
1900
7791
4603
7125
1420
4493
915
3799
5772
8785
3637
9104
8872
8711
9469
6766
6891
8646
8770
2442
978
2769
3433
7258
4136
4821
6482
5573
5340
9599
6924
483
9895
4255
3236
8854
724
9442
2385
3535
2311
6128
9221
6098
7487
7281
4652
5291
9033
9972
7392
1574
8362
6528
7463
597
209
394
4369
5811
6489
4361
2457
8892
5600
4239
4023
6561
4503
7425
8758
2730
5740
5957
1092
8083
1736
3980
2137
1032
31
2182
5937
4480
6983
9146
8681
8086
5085
4699
2032
7650
2368
6673
8860
3951
6466
3097
3455
3525
1066
5783
6038
2284
1951
2800
4475
983
4536
5000
7534
2601
5370
5437
9707
9590
8852
2087
4404
1192
2356
4641
9755
2803
7326
6194
6444
9112
9630
4754
2262
433
3086
1810
3250
8223
390
1042
7645
4685
8048
851
743
1844
8008
8897
3695
7706
5782
3564
1948
3537
8801
77
2162
411
8483
837
2908
6598
7704
2465
9942
8213
794
2498
5033
1082
4273
904
1983
4149
222
888
2519
670
2049
2797
5727
5892
1041
9661
9745
9767
6754
4234
208
1627
3195
8811
1661
8268
683
150
6305
5038
7252
1762
6343
3417
9071
6611
9654
1344
5675
207
6023
498
5612
2783
5269
2817
9736
6931
9361
961
1888
8105
1090
4552
2111
5331
1394
1232
1507
3498
7969
762
9423
2412
6156
8119
6631
5949
725
4186
9819
4142
8035
3
1289
5975
5390
5800
7698
6590
4546
3191
8269
4591
3705
3958
9201
3716
4601
9915
7004
2742
8352
4865
5314
4385
7913
2027
2847
7362
9342
5970
7068
2796
7756
4196
5607
1919
5163
7571
4627
8487
9575
947
461
3354
1527
7782
4130
8344
2296
9304
9987
9110
1497
2107
7572
3200
7212
3978
9580
2707
1702
936
8111
1052
6827
3707
925
8881
8347
4575
7905
2863
5215
2472
8619
8740
3032
4599
6871
6630
6950
9679
1247
4173
6502
9531
8960
9418
3603
766
4791
9961
321
3756
9878
1202
19
1841
5342
72
6880
4660
8249
392
7057
9324
7041
4838
2998
6637
7344
7841
1270
804
68
4572
4233
6654
7790
595
3409
1875
8374
2150
4157
9647
6595
3592
2523
5236
3511
4289
5995
6495
3490
8915
423
8091
5012
5683
4377
9341
704
3541
2970
7994
1012
9556
4367
3228
1034
9526
1466
5697
1343
9564
64
8645
1285
8148
5552
7637
4393
2507
9415
9365
1377
2854
1399
6705
8610
422
3180
5983
3408
7541
1121
527
8066
1490
2493
6953
4614
3033
5214
4319
5849
2739
8195
3806
8878
4842
8349
6310
4587
9056
159
7620
8896
8343
1145
3844
5469
6006
3902
1605
6260
9315
972
2181
6743
3416
4469
4681
6901
3319
5846
2428
6381
1064
1586
6441
2917
9705
7150
120
8281
2496
9351
8996
4275
6513
7332
1901
7304
2766
9031
4302
3292
4472
9698
3284
5991
929
4262
7519
6499
6825
4899
8986
1904
1896
1287
5705
3539
6875
5454
6990
4772
1576
9296
1755
1622
8159
5922
9810
7971
5011
4795
621
7722
1199
3772
931
9175
2828
1459
8658
3291
6163
7956
8909
9677
9250
2052
9216
3174
7208
4991
5076
7077
3575
3793
1340
6258
3312
1441
7108
4427
1913
3328
2959
1156
6672
1985
1847
4160
1630
3316
377
3635
7161
4782
8675
9047
5386
9976
2101
3521
329
3146
3282
3907
45
9905
5799
686
731
1560
1243
3233
1892
5120
7955
5083
1921
2805
1581
358
2065
2250
3702
8020
5470
5961
1138
3082
2568
8757
7599
4109
8001
9549
9360
9571
9894
8962
2609
7191
9866
2114
7763
6840
6122
6335
6833
6635
8080
9904
9545
2659
4043
2406
2543
6192
9098
4473
5888
4236
6280
3017
8928
6685
2631
5522
0
7414
259
6919
7777
960
615
1481
9929
8550
3924
8584
9727
4971
7192
902
2550
1003
920
5847
9731
5141
6070
8623
3344
6991
7314
732
7762
6363
7376
7667
9621
7093
1579
5589
5940
3912
9746
2303
5450
3390
8924
6763
1198
3066
3613
6248
1640
4167
8047
8940
7397
985
5398
7578
8720
1788
326
8038
4631
2969
6101
8101
1093
9043
6925
5319
4860
3579
312
9433
6567
5554
4278
3848
3188
7814
1520
5765
4648
8273
6815
5590
3109
3423
9908
9249
9203
8075
2120
2757
1434
3508
7485
5234
4455
1600
342
4483
9378
1204
998
7284
7662
5461
3832
730
8042
5990
9627
6102
279
7491
2696
5824
2685
2115
4803
6296
1472
4386
6231
1538
7135
5332
2610
6386
5288
4828
5447
8261
7432
5210
3762
786
4146
7413
8501
6180
8841
9178
21
5255
3921
2103
9542
7207
4327
1537
4695
2760
9796
9196
3485
9689
5929
3084
189
9113
1324
8428
5431
2744
3374
9806
5014
1644
7596
8358
7049
1094
8863
2674
9830
1014
1333
4617
506
9002
5526
5920
5227
6086
7139
5054
1851
2342
1935
9644
8238
4114
910
3591
6955
6196
9135
278
6536
5653
1122
6191
8303
7806
5050
3520
7581
9210
9075
2761
2763
9494
5559
6313
3795
3587
893
6898
7006
3658
8667
3481
5500
7051
4127
4010
9807
1424
8208
808
399
3069
7268
6375
8807
9295
2736
8690
8151
7683
9816
7364
2017
1353
8142
4322
3567
8829
7403
6602
7299
9919
9424
5572
1044
2477
1309
4477
9572
5591
2752
240
3653
6729
5972
5599
9094
2037
885
7822
8486
4802
7642
5768
6678
7861
2067
7931
590
9815
9949
2839
4049
5433
2974
7634
4323
4507
7225
3945
9683
495
4924
6015
6691
5531
7784
5053
4523
3070
8176
4195
3090
5684
8226
5759
9759
6856
7975
5620
1008
4761
1158
1104
842
5420
8954
5793
3956
9300
6356
3019
1234
6562
6892
9680
4973
7660
224
789
9386
3786
3480
1970
1927
909
699
2975
9498
530
193
3153
9753
8058
4242
1187
6700
7871
2735
8144
9311
2469
3207
8762
3507
8783
9151
1997
8814
2407
4045
7197
5487
5133
4405
8013
7016
3018
1369
8312
7019
8420
5578
8959
4356
5294
7118
7428
9723
9090
858
1943
3336
6619
1327
8395
4653
2936
6222
1010
5047
9301
5415
9565
7669
2920
9299
1049
496
2926
2747
9328
4292
4643
3343
5698
8481
9699
5368
1664
2886
7664
6793
1335
6416
8916
1429
584
9131
2222
1857
5476
620
3370
5921
1180
1027
4715
9257
1665
7097
6639
7239
9898
9849
1716
1651
8733
1188
6484
2129
2517
5191
451
5355
4968
6005
9006
460
7054
8629
8211
8209
557
3769
4743
6865
8747
9517
7473
8699
7497
7703
7237
5055
306
2885
9553
6208
4728
5452
7347
8120
4574
219
5019
6596
962
4984
181
554
4729
2210
7991
1416
4263
5037
408
6354
5413
1024
9017
6480
8578
8803
6674
91
1349
750
8745
103
7522
4739
3023
579
1639
6403
2146
4102
2231
2267
3693
6817
965
3633
2754
2623
3093
933
125
7419
1801
4110
2196
4244
9814
184
9381
3182
7933
3216
3386
424
9713
4248
2367
8983
7351
765
1874
9518
3271
7099
8375
6985
1786
7895
2343
6291
9169
6316
2977
6177
6717
1911
205
7343
677
520
7872
9762
2606
2365
9390
4733
5148
6187
1473
126
7503
8640
9245
1536
2255
9579
8995
8132
2786
6398
2704
2139
2063
5671
1628
6486
7445
89
5665
5130
6216
600
7438
8070
7448
6181
4384
9312
8156
5157
7878
4787
9838
6300
5443
3052
4042
1603
412
5751
7064
7579
9485
1413
6301
870
1530
8182
7033
7867
5195
3524
6033
6603
8183
7860
2531
8968
6764
4788
3103
7308
3240
1924
5630
3049
8649
2028
9706
6882
458
7346
511
1626
790
4170
8002
3281
8536
6129
6232
8730
6052
2986
9073
4443
1929
3209
653
1776
5349
9062
367
2300
9847
9307
3697
1331
8731
8657
5898
8945
7465
1512
1756
6220
1899
6333
3065
335
3759
6573
6383
7652
7335
1612
2023
2732
9843
7598
1723
6902
7540
7690
2644
4479
4159
4484
7209
1013
3593
4400
4813
459
5276
6229
7180
4266
1056
2675
4619
9788
3943
959
4723
6823
9458
252
7279
1804
682
9794
1850
5976
9690
4309
8912
2915
9179
7576
113
124
3369
7436
9167
7865
249
5917
9068
4966
5172
3334
9619
2958
2693
5958
6555
1774
3573
9000
7984
6188
9495
7247
4065
7628
3632
8527
1828
7553
658
3721
179
3826
8659
7567
6097
635
267
2846
1906
7157
3268
1105
4082
1795
930
2980
2605
5757
9939
8887
4121
192
4689
5387
573
6195
6436
3516
9638
646
1977
304
7119
1435
9128
7532
2790
3614
7582
5444
226
1596
3164
8724
8141
4880
8766
637
8019
7805
3546
9422
9931
8139
5071
9258
5179
6111
5524
5126
8318
137
343
1028
6069
815
3885
6215
9652
5637
5241
522
3396
7740
2865
4904
2435
4332
9172
844
4773
1114
4862
8531
4928
3148
1341
9237
3393
7034
5217
246
3459
4774
4576
7838
8493
9573
9864
3068
3151
4185
6185
6326
1936
6515
3752
8688
9136
9247
7151
865
471
1676
204
7270
152
3825
2128
5659
8313
3523
4087
8694
7291
292
7979
4349
9646
3249
9975
499
3602
7866
1419
716
7382
8327
6547
1960
2095
3198
1371
1456
8802
5761
4954
4276
5737
1322
4895
8295
6965
9983
4586
855
3156
254
9456
2021
2718
3387
5280
348
9256
9803
187
6917
41
7517
2584
3829
2535
3915
40
4027
854
2463
1127
4008
5942
2233
5878
5850
3699
3753
5797
9483
6703
4665
9350
2198
9013
5508
1408
75
4476
356
9147
5993
3737
2775
2966
1054
8102
7242
8259
6808
4165
3218
9282
7095
6774
3266
1069
6900
6951
6752
8406
2315
8319
5734
7899
9757
8579
8398
6104
4194
6085
3917
5268
7320
986
7904
2001
946
389
8278
115
2811
5887
9015
8864
8123
3303
1096
7143
5668
9998
642
5694
1803
6881
6885
7283
2860
8345
9468
2005
5483
134
7381
7902
397
7514
6597
7202
8342
9264
8768
7388
4570
3855
6738
9040
2035
6246
7217
3556
8594
2897
2982
1738
7295
6233
3372
801
6958
7565
1980
4485
5869
6001
3337
1308
8784
5066
8175
1233
3295
8668
6273
9941
9288
2316
7816
7488
6618
452
8782
2807
7580
1910
4246
9078
8190
9214
8391
7437
6531
1802
8383
9888
7769
7215
6213
1162
6883
5058
4295
6329
9600
8113
3450
4563
4436
3006
5890
3128
8325
6926
2242
3673
1506
8236
2994
859
5787
4315
3379
5035
8241
8636
7760
7847
9990
523
6277
1186
2557
8308
5202
5509
5650
2558
8781
7846
9817
7705
697
5023
8051
1700
856
651
8609
7996
1453
3770
739
2403
1268
9420
1671
6154
6031
5998
9467
639
5293
3595
8632
6107
2878
5184
7103
373
9657
2848
2405
6452
7854
8818
5146
9649
8408
4707
3784
6922
7609
5490
6013
5784
9874
8287
6121
6822
9995
5686
3887
5968
6904
8689
8379
1197
9718
6916
5666
1476
7404
1389
8191
6076
8169
6206
714
4069
8666
8171
1338
7992
4874
1095
2135
1684
5024
9005
191
2670
9155
3501
1209
6583
3442
8357
594
2388
6193
2295
6190
5430
1879
9625
5513
8134
4944
7233
7778
6996
9344
2437
8283
1370
7416
9853
6551
3918
2695
1440
1258
3244
402
5002
2602
1185
5149
1379
3836
9701
5569
2823
1971
2136
1519
2809
7728
5065
9669
2237
6646
7330
4279
1742
1334
5105
3224
3089
7342
7626
717
7264
214
4188
8706
136
3532
3002
1706
6393
1455
6723
2149
7085
7200
5067
6572
503
8943
7238
7241
9285
9671
2408
3954
3652
5432
8931
5358
7842
1214
1785
3863
8262
7523
6788
3704
9950
9354
9716
8981
1949
9675
4730
6138
3172
8526
4893
5203
4056
7380
5297
7892
8200
7968
7287
2380
6848
1526
395
1261
7490
456
4016
2029
122
6677
5250
8003
9030
5471
3099
769
479
7610
8988
2172
1889
4314
638
8585
7141
8341
4800
1848
7282
9945
6662
139
5290
2629
3972
4537
6336
4177
347
5528
3335
4145
1219
9327
4597
7961
971
6028
4554
673
5702
913
6414
4559
9487
2281
7420
8311
5999
2907
3629
1484
3321
612
3325
4995
4072
1314
102
9685
5879
8300
9185
6488
3709
5708
5604
6783
8322
8309
5168
2019
5135
8336
42
7370
9049
2931
632
416
6519
8422
745
1111
6604
967
5116
6302
8620
8371
2090
1493
6223
2888
6029
1645
8551
4407
8684
8140
8889
8181
664
7461
4642
3189
9511
5532
5352
4331
3322
6049
4581
2891
9996
2183
3243
942
6207
1752
990
5225
2085
6254
3350
9687
7998
6021
723
3245
634
5186
8562
1376
541
9019
5974
2066
2731
4454
4732
1780
1496
1858
7484
9944
8974
4896
6884
364
3782
4247
7857
1749
7379
8832
37
4171
6036
9376
5362
9092
308
5392
598
4594
3040
1966
6775
835
4901
233
2929
257
5051
2661
7443
4334
2946
8535
1005
2776
8583
3910
997
7450
866
3819
9124
674
1673
9546
9356
2251
4068
5588
3489
6963
9102
3392
9069
9331
8904
1427
9985
9602
1332
8677
2216
9989
3039
4430
6772
3474
2070
1811
9228
287
1725
1124
1564
3731
8616
791
7457
158
955
1026
3171
9785
3680
3987
320
4857
4372
7250
7597
2152
261
6050
1633
8234
2501
3920
1798
4122
564
7261
2857
6148
5545
1486
787
1385
8496
251
627
2438
7159
9667
3275
2672
5425
6542
7104
7675
1423
4189
428
9659
8376
9653
6454
9471
5308
2307
2175
4997
5962
9079
9265
2263
3662
5031
1133
48
2767
3800
4035
8277
7047
1401
6259
9253
9089
6941
2802
5865
3077
264
3432
8229
5265
3660
7875
227
3064
8470
3715
8431
2676
589
7133
2804
8442
8576
1525
6707
979
1926
6828
5194
6734
2318
372
7844
9261
5158
4451
6249
3412
5852
932
7231
1868
1072
3878
827
8034
2841
7480
5155
5402
1591
70
1588
5021
6340
8232
117
5872
5944
6779
8063
6656
6785
3681
7460
6713
6912
4179
5689
582
344
3359
6309
3044
5715
8079
7880
3723
7017
656
9726
7588
690
5108
4267
3453
1164
8004
8753
5353
5427
1278
5261
2712
7206
4428
3571
828
5722
482
2983
1592
182
3898
2050
9993
6391
1655
7462
8748
8634
7720
9588
7694
1870
921
1990
2383
206
938
4437
2372
1342
9492
1336
7564
8160
3984
4363
7707
3050
2280
7873
2858
401
9765
7742
9176
4920
5081
643
8927
7525
7290
8458
1176
8443
9591
9836
7086
671
4401
7468
5361
7393
8294
7551
9734
7546
2633
8163
8957
9173
7922
9292
9533
8815
1430
6999
862
4223
7799
958
696
8338
6297
7666
1806
9673
7909
2628
2089
468
8494
3927
3913
7027
4117
3812
114
2617
9308
2236
1548
4582
2260
8907
5938
2574
3755
3909
5309
4757
1790
9186
4639
9154
8726
4935
1386
6311
6168
6282
2673
2547
4075
5282
4360
3644
1235
3405
8836
4317
5623
7569
1088
2394
8798
7888
2938
5395
6067
6834
4811
4815
1773
3398
4419
6680
5932
2666
7136
9139
669
9523
5844
6709
6777
5097
9240
7877
9366
255
3679
7232
281
351
6439
327
9823
148
8378
3991
2259
5153
8078
4468
3338
8380
8604
2478
8469
8994
1286
3876
6932
680
4003
3367
6921
4760
7510
9513
8242
2204
5667
349
8847
1643
5638
4516
1432
169
9081
6796
5449
2746
6132
1912
6961
2455
4951
9273
7725
5699
1061
1739
6725
7824
9187
3048
9574
1299
4288
8055
991
8016
1126
4845
4226
26
5562
3051
2212
4099
8791
4249
1710
7882
8910
5345
5977
9877
2680
34
8564
4986
5601
4705
5568
5931
4505
1035
7288
5657
8741
846
6042
6435
7389
6776
2415
5905
2933
3315
9633
4721
3246
7313
1568
6411
2347
6090
2645
2080
695
7586
5777
9732
7869
4450
5986
24
7604
7671
2895
609
4519
4403
6419
6566
4898
2985
7623
4829
3223
8097
8498
1529
9776
1561
5173
5893
6514
9876
8354
5428
4740
3941
9339
6575
1255
7374
232
8127
484
2254
9129
9827
3347
9385
9859
9811
2491
5111
5034
900
6753
6135
8373
4310
9978
9871
6368
9655
9992
7367
2424
8337
4449
8430
5685
3263
7505
4622
7544
9160
5729
9692
2452
8476
6570
9857
9239
5908
1250
8844
7723
6346
1787
1918
8315
2702
1339
7946
6968
1964
7845
5916
5780
8580
8571
4936
5610
8164
93
5779
9552
1743
3219
8467
5448
7265
9639
5719
1431
2369
4605
161
6055
3727
4749
8410
3561
9411
3719
5115
176
5842
5766
5481
8084
5028
1189
5357
8193
5873
2207
1004
2293
7214
4634
2392
1646
7672
7781
5622
1543
1037
5700
143
7431
2091
7011
4793
2944
4858
903
6446
4265
872
6666
6786
6559
2151
9020
9536
8771
8435
4135
7693
7324
3024
3728
7621
7717
1660
5644
7073
4810
6617
5914
2430
9276
7515
3928
5360
1793
3302
1876
4766
7254
1975
4235
7142
9481
8566
4183
7399
2539
443
5889
8348
3818
3732
8472
2272
5423
6914
8734
1368
631
3254
4304
3075
8
8228
7
7121
6092
2319
6668
5366
4623
315
5434
9320
7920
4094
676
1634
1553
7691
4672
1838
2728
3264
3634
96
4033
1148
7733
1374
85
2420
9730
895
5723
1167
4542
4767
3438
5792
6238
2093
7334
1036
6704
4228
2748
1931
5955
9635
3538
5945
3534
7611
652
6581
62
5200
8990
774
4912
1450
1074
6843
9493
1531
2031
6861
7870
5485
9558
4590
752
6625
5272
5132
5919
9622
4620
4746
4285
248
504
7372
5752
8923
4284
4032
210
1283
4004
7780
4933
7160
36
4530
69
5497
8963
8764
5551
9450
4706
2238
8396
9286
3482
3204
3802
734
1909
9305
5539
3713
569
891
7856
273
1330
1058
941
3257
4751
1580
8217
2952
8558
5232
5473
5753
1961
2399
6773
7129
2100
7061
6930
9837
5128
2039
5317
6765
4499
9117
4482
7198
6851
1554
4678
5318
2882
2866
3237
3619
7927
9869
9854
1006
7561
316
5575
5401
1779
9322
3995
9158
4544
314
1783
721
9171
2473
2167
1908
9521
235
6759
7795
4524
689
8029
2595
4396
2690
7787
9460
3348
3919
1461
1025
4380
5943
1734
3217
9023
7915
4866
4150
5574
8555
2577
7499
6056
4022
5773
4237
2856
6651
4088
7679
6303
2698
2206
4737
5277
5220
4669
3746
5902
2751
6721
4696
382
733
3502
6264
8865
3115
2003
1632
3231
8124
2656
5680
1610
2948
8796
476
3659
4535
2313
2870
6589
7568
133
8339
2433
1317
8146
1805
4338
5796
4925
3764
6669
3157
3859
8993
1685
3794
6784
3427
9244
4703
6203
2398
5287
852
8685
4668
5257
5488
4316
4555
7976
8655
735
1869
1898
9593
5117
5655
3259
4357
8544
1451
3311
7930
3823
6653
9606
4203
7942
3418
8125
8462
1887
3139
3940
1690
8387
9329
8404
239
9914
1315
3258
3791
387
118
3810
8212
548
4066
1760
3518
3096
2230
2335
6342
9739
4734
4853
3669
2738
3101
7310
5030
9230
3724
4964
4680
9618
2020
4500
7164
1015
3743
2097
6812
5851
4345
4184
4300
6933
3606
6698
9953
2506
5380
3636
2374
8920
974
1914
353
9398
8400
826
3558
2055
4489
5252
9831
4230
2396
9527
7012
8905
5062
4618
4106
47
6903
2448
2143
371
7273
258
2140
2466
6369
7249
4445
3505
7631
6081
9454
5928
4720
9234
4438
2409
7735
1959
9714
3611
4969
1726
1356
146
7972
3470
702
8523
8367
2755
6189
5356
5808
3487
6171
3003
6358
1727
2947
6872
199
1387
970
9583
4654
2950
4957
1944
1946
8366
2130
981
1958
2304
6234
4674
7926
2310
2287
7020
9729
5803
7555
8701
3692
6487
4178
9524
2495
5625
4298
1815
3326
500
8052
9974
319
7274
6819
777
4776
4940
2624
5264
8956
3570
5946
2458
654
502
9778
5996
4752
3696
8560
2227
8167
3881
9514
420
7156
374
1720
6739
50
2902
9695
7495
6443
4020
8851
3013
7116
8330
4458
5206
9138
6586
5806
8876
2339
3366
1750
6253
2632
4013
1326
6315
6538
9192
7024
5258
2286
4381
1753
7835
9918
1541
8365
6126
841
8064
7248
5124
6702
8873
4399
521
4394
3256
539
4080
8886
177
8041
6632
5299
288
3377
2202
2301
106
6241
4440
1618
1257
9763
3923
2218
7478
5778
5789
2849
7688
7229
4663
2778
4474
8648
3892
679
4116
6735
1428
8026
4651
1475
79
20
7117
3545
7981
2655
3205
1382
4124
7172
4932
7889
2619
194
8414
3486
2228
3540
4956
5669
5377
2525
3056
5731
1273
7638
9275
1607
848
4224
6173
463
6172
9060
7906
211
1304
7269
1686
7833
9971
9029
6981
8108
538
2354
9400
9466
4021
7849
1559
338
6352
755
9181
819
2391
8060
8843
4549
3468
9793
9784
168
7083
1939
7140
7848
4431
1163
8514
5687
3589
9507
798
7275
7466
7356
7044
1087
7829
8738
3576
3986
3098
1448
4796
5201
5862
7305
3563
5827
6878
7162
9294
5964
5894
1372
2930
8951
4671
7507
1768
9704
6708
6889
3357
6091
2016
9332
9111
8255
6035
8031
4062
3931
6294
7400
6730
8504
1033
6745
3655
6962
7527
2068
7032
2395
1598
489
1240
324
4872
9640
7081
1528
9928
3821
5924
8683
6835
668
8598
1365
1539
7731
3461
4824
4644
4293
4085
7458
6599
7010
4211
9086
4354
6114
3161
8266
1079
6731
9443
8506
3221
440
5424
6479
5484
9756
9370
8188
2454
7710
9897
5029
9662
8722
1263
4989
2299
7868
4355
5016
3121
9901
9948
3346
7712
7199
2078
333
8545
1905
4609
9913
8082
6715
5491
8089
2177
3446
2118
9833
7639
8880
1471
5718
8650
8838
8121
8096
9946
8903
5652
8721
8478
1310
8810
3787
4831
7375
8914
7893
2323
4344
8147
8492
4470
339
3811
1415
4979
2788
7155
8335
6198
6373
490
529
1878
9916
5596
5025
5391
3297
6628
2835
4877
4137
9227
3817
4539
3979
8138
1860
1407
707
3030
8875
896
4283
6321
4379
3574
1663
711
9426
2220
3580
4878
9144
948
4626
4212
7559
5760
5643
2904
9387
4702
2876
7508
2132
5005
9924
7230
1445
9539
7494
969
4006
5794
7459
1547
6895
5530
1625
1098
225
7758
8661
5292
1359
1934
1439
8114
8926
9072
2033
9281
6952
6094
7498
8621
8221
9786
5762
8418
1396
1501
9733
3134
4565
2871
8750
9009
6080
5385
8369
2215
8005
7809
2022
1856
6975
8122
2881
1897
2298
3138
7062
457
9952
9577
1228
4886
7327
2426
2814
3016
7120
8244
1717
5044
6125
1658
1950
5039
6493
1807
3375
7001
2060
8230
3955
9559
6896
2308
7423
7055
6803
4974
5546
8528
9409
692
6433
8359
5376
4222
4917
5529
4061
6606
3133
5947
7945
7573
3159
2378
3607
7633
6974
1638
9477
4232
7195
2314
9254
299
9863
410
9835
4871
3183
2161
2726
8450
283
1390
6014
1654
5732
5586
9226
4684
8222
5249
5736
9448
3642
560
5027
7886
2117
8116
2213
144
272
6009
1982
2565
3884
4294
6867
5805
1902
4855
9233
566
3701
9041
9052
9885
325
3890
8670
3451
5482
8885
7124
4205
3300
1953
546
1200
1846
9403
1251
200
7916
8978
8468
861
6643
6724
1160
9445
3911
7307
8819
8710
157
2567
6490
9432
301
3703
2357
9096
7738
1284
462
3095
9499
7547
9316
9364
6473
5576
2945
8194
6550
4460
8248
722
1518
2485
2057
4906
1457
2764
8098
4254
2061
3478
3158
5304
7058
5166
5147
2810
2801
6681
1135
6470
3805
1016
5279
6767
9703
3127
5445
7219
9879
3045
1735
8276
8948
2719
661
5881
1583
3661
9263
737
3105
5967
8015
7601
7272
7123
60
9408
8597
6492
6210
1175
8426
6270
5801
7614
6911
3631
3111
8538
4518
9818
9766
6564
2110
2444
8021
1662
8939
7907
8534
9875
74
5396
1
1903
9856
5064
5026
7997
4882
3600
2705
7174
4389
1517
7970
9586
3768
201
6498
5453
3745
6119
6199
9958
8845
9750
1642
7811
2749
8490
1226
9470
9345
4104
6286
100
2271
474
1656
9441
2706
7932
5703
1570
8686
1641
5935
4673
5678
9219
8901
4258
4180
1711
417
190
8752
8982
1510
2572
5474
5713
9850
1769
4395
465
4411
7371
2903
7558
6801
340
8009
7408
1109
5486
1544
2862
2257
8508
8839
363
9920
9562
8773
5223
2445
5496
6862
6418
95
7663
9486
6727
5127
3411
7002
1585
2460
3706
9368
7030
1080
5301
9431
7455
4960
1817
7918
7746
6204
5408
5312
592
6970
8314
8409
5775
7602
7863
5455
5338
8049
7244
8698
6548
164
7482
4993
6795
6366
3569
6907
6182
357
5626
8464
7407
9004
1797
1097
7179
6034
7240
73
7545
7575
825
5592
1771
2622
821
2831
2122
7989
7444
8800
8769
4573
4070
3751
6526
7421
7029
2771
173
2621
7193
588
1139
3886
3938
1128
8243
5548
370
555
1973
7378
949
1616
8143
6448
3689
346
3288
52
1149
5244
5807
8250
6046
9504
3169
9065
7046
767
1884
2534
1182
9802
9660
5907
419
4
3763
4693
6392
4630
9231
4846
850
3957
4444
2999
5542
4864
1849
9790
3152
4700
6806
2963
5557
8399
780
4548
127
8510
7433
3544
1687
1076
2008
5597
2583
383
4307
5346
7533
2142
4097
6948
2830
4487
7928
5335
2836
996
6648
6616
9752
7082
5904
3212
7629
4849
8165
4433
6426
9717
6404
8780
1221
1225
4978
4063
3548
6037
6509
472
1922
8040
2855
9076
3735
3577
5973
386
5156
8263
1818
5259
9343
3020
5205
5613
360
7319
5923
8054
4096
9735
145
5860
954
7257
3804
9444
5374
5585
6768
4238
3262
230
5952
2648
9585
7767
8743
4731
9743
4502
5464
2922
5419
5821
6077
4296
9302
823
9721
1822
7724
6262
4659
5785
4778
5581
1467
3260
3410
4841
3043
3186
8922
1669
3779
5501
1513
4282
8215
7745
8756
6447
5994
7440
9421
6873
4564
4413
9150
7158
1647
1022
3948
8173
6829
1623
3340
8189
9223
9841
1057
2075
3837
8499
2708
4410
5372
7479
749
1281
6612
1051
7278
2147
4139
6060
3734
4412
5871
7921
3722
1248
2325
4763
2468
9795
6945
4120
2305
6178
4457
7336
8760
2345
1292
5460
6577
5603
444
6120
9846
4421
9515
2643
7823
4770
6508
9379
1115
2429
83
8820
4219
834
6984
4657
7145
3856
5426
3368
6387
8317
3869
8532
6657
3936
6557
685
2173
8166
3688
3277
7427
6923
4017
1191
4187
2133
8776
469
9222
8965
3132
2156
3970
7187
9323
982
253
6247
2588
1395
4753
761
221
3514
2556
9340
2762
5313
4958
9887
2515
4465
3391
5324
4481
1595
8991
4551
2431
3530
9930
57
8024
9741
8076
2145
5880
6529
1952
430
3441
2996
4881
810
5891
2626
3265
8970
4560
8115
8205
1480
2240
8614
491
3596
8950
6928
1130
8858
9183
7394
9964
7726
6866
3891
2614
3542
4512
2662
7363
1893
6682
4600
4113
3750
5323
4949
2288
811
4486
9967
1993
4806
1772
4820
7163
6465
3059
6137
3946
128
2651
8680
303
3982
3726
442
2007
4007
3248
5833
2681
5515
1269
1262
1020
7023
6320
5145
4809
1065
4836
9338
7476
8911
238
80
345
2134
1242
6295
5692
940
3586
6787
3088
6580
6791
8524
6082
5505
4059
6000
2340
5498
7819
3220
9177
3838
1487
7222
672
2106
5636
2232
9828
4608
3041
3742
3904
6688
4375
5747
5121
1589
9055
693
2123
7167
7003
2613
3777
263
7753
6886
1168
8754
6993
1238
7115
2208
2597
6283
2490
9107
2190
7312
8600
5399
829
9070
2818
3351
4491
6649
1347
3873
5536
1682
1631
1063
9917
8197
6565
8088
5627
4675
1652
8491
1137
7255
2687
1316
8192
3896
7256
831
9960
368
3380
3143
172
5857
8949
8073
6150
4980
705
6906
6390
1567
4077
7900
510
6554
519
384
2371
712
5679
9840
8874
9475
2404
7396
7749
8718
7608
6225
8386
9628
601
7091
8433
6541
803
162
5875
9472
5577
3484
7383
4371
1306
9224
2927
2253
4902
156
6510
992
7734
1550
7345
2124
6762
9279
1721
928
8502
5930
1444
9162
2416
559
6576
6087
8613
1222
989
968
8320
9066
7035
2989
4550
1947
6140
3666
7919
8316
3900
9212
4727
4998
7395
8028
8260
2441
7736
9248
3273
4005
4662
6645
9235
2795
3560
9720
4197
8482
1378
4629
2575
2226
9760
8424
3381
2062
7131
9133
6658
8641
1174
1688
1300
1227
5388
2483
7190
2157
1508
9708
649
2772
5316
2758
873
1265
8214
7850
4325
3528
17
3512
8416
8971
2677
4227
3675
3922
8799
3969
3625
6099
4060
980
797
4350
7674
4432
2034
4209
1196
2224
4181
8934
2787
3585
5804
3604
8394
2636
1110
1398
5895
8975
508
5086
7369
9798
2487
1406
9686
4747
788
1018
2422
18
2053
1498
6946
719
3406
6781
3429
5382
1836
2047
1566
1039
4138
513
1881
4172
1136
1085
2381
9609
6940
7817
398
9629
4509
5091
2834
6417
9134
403
6374
5367
6675
6845
7665
9202
3437
7668
7730
9921
2004
2625
9791
2471
5298
8930
5180
6323
1146
4837
3864
4952
3930
4306
5516
9862
8204
8861
9634
9241
729
3358
9270
7481
6290
1446
4897
5820
4290
4090
2844
6623
5706
3872
6579
3004
9832
4168
7165
8806
3711
7067
9462
5321
9402
3730
5538
3549
7454
5330
8691
987
3407
1417
9372
9260
9054
1546
6224
6157
3809
7493
2694
4057
2275
6007
4245
6826
4567
9389
8488
6732
4768
1282
1994
2261
5213
5052
7429
2306
9774
1812
223
4532
9604
882
6588
5343
3031
6663
8133
7513
4071
8539
1748
7402
322
4856
8577
8642
6758
4034
366
3515
5414
7773
7702
473
4556
5550
9956
6543
8110
3729
4566
1925
9783
4661
4214
475
4830
4930
3517
5770
6977
7441
7630
6174
274
3714
776
5211
1256
97
5247
9063
3239
7697
4352
8296
9045
3657
4789
2934
9427
5296
3519
5876
6696
6633
2528
3610
8804
8867
3650
7827
8958
4797
46
5858
9715
5150
6256
8736
5495
5118
1751
7398
9291
8559
6146
2166
7825
793
6084
9610
4632
7772
3428
4848
7737
216
9330
6083
1294
7552
2650
7548
2837
8109
396
8569
8471
7807
1670
5506
3893
3213
8581
8328
6947
2984
8925
6614
3944
8425
894
6540
1019
8402
5664
2074
5336
6456
3839
3621
4786
8307
4459
6629
1587
5073
6030
7512
2586
1483
3483
6780
5275
3378
5192
708
8006
6478
4201
9272
9359
7661
1683
4585
8663
6103
180
5633
1491
7387
6175
9824
5749
4494
7818
2900
6760
2753
1916
1470
8251
2569
6665
7689
1403
9419
9474
5006
2526
1478
3201
3080
4423
2370
4996
59
6582
2600
4583
4999
3401
5826
2170
183
1107
9207
141
3118
3748
1195
7430
5959
9298
6899
3449
9396
1862
3001
919
5197
8271
9018
7451
6610
5648
6423
3110
3781
9001
4036
4009
6289
7297
1775
3413
1965
782
5478
7266
8696
6477
8256
8707
1521
5564
8177
2737
7417
1863
7277
1557
4985
7048
8662
9771
1433
6442
6587
55
1955
4422
2499
7618
606
7686
3685
623
9271
15
6073
3124
6920
5841
5219
7013
8935
9114
2627
4206
5744
753
5980
9095
8512
1059
5245
6621
8891
6909
3937
2155
388
3298
5093
7752
3827
2896
4922
6063
1505
9861
8389
9355
5579
7306
3289
4456
5494
8117
907
8000
9541
2331
3308
1724
8044
701
9650
3529
2013
5856
9991
4398
9428
4781
9190
2312
9933
4374
5262
4308
754
2389
7065
8474
610
7059
2497
9858
6992
4078
296
5912
1452
2290
9027
6994
1907
6504
5134
822
1447
5608
9021
8857
1942
1542
4825
9951
7171
313
3036
6096
3738
9026
6278
5629
2641
3168
7516
435
1410
6269
2402
7910
2822
4719
3798
2361
5511
3314
2355
608
6385
6804
4826
2725
5767
2386
2500
3789
9605
2397
5874
9215
847
3785
2348
6816
4875
7593
9057
7216
405
2620
8170
7864
5640
7072
1824
568
4521
135
7234
9925
9758
4655
8869
5104
2086
8157
6145
493
4051
2364
7223
8964
81
7954
4299
2880
1091
6376
9037
7377
5716
4558
1366
9130
9903
6652
9906
5070
9430
8765
6314
8465
5373
8902
2592
9008
8813
547
9205
8893
7302
6868
892
1089
6516
2030
3757
8630
8763
3760
1584
8933
5238
7808
5646
3008
6496
5635
6636
4525
5861
9157
8549
1606
2972
6593
4291
8453
1236
5609
5639
1319
5504
7796
9551
6956
6998
9180
241
9496
2199
8023
2324
5570
5381
8274
1328
7949
2869
4894
317
7530
1764
8355
9242
8447
5840
4870
8087
3339
3853
1140
2382
3996
8405
3849
874
9464
1569
2160
4093
898
5069
8154
4596
2217
380
4365
198
8913
6205
6317
9153
414
516
5859
9512
5103
7995
9336
6010
2971
2266
3997
7676
8518
5499
3027
4698
746
3025
1659
7069
9764
2125
6337
3252
8011
8090
3866
9892
3903
6054
8077
9569
2940
8674
4764
5965
9910
2171
5822
4351
8789
8794
6468
7147
1781
7000
1307
4807
8582
574
9520
8246
2521
524
5971
163
9382
6655
5094
8495
8834
3822
6794
2529
8032
9395
9516
6533
5611
7794
2479
3106
5493
6024
1271
1414
1820
3175
9509
4553
8022
3557
7025
1166
8989
7292
1747
1116
2041
5404
6938
121
5389
5253
54
14
578
3888
5621
7286
5099
1463
1360
6350
6689
3117
5303
2191
3700
3841
8866
3964
8505
3790
2524
9570
9613
2961
8085
8270
1920
8697
5771
8275
4341
5442
6117
8384
6395
7246
6322
2954
3193
7786
6384
6870
11
7684
5953
1766
2337
4141
8324
8812
5079
5468
8586
5254
9538
9780
1601
3382
2560
6355
8890
5969
2669
1295
63
6227
2906
9123
8944
3116
2729
698
8500
4362
9938
6115
27
266
2723
5704
6469
2630
1861
23
8059
1821
6226
4378
9907
4417
3253
3733
785
2585
8304
8370
616
7112
4708
8644
7385
875
8247
8507
3608
9277
2418
6694
2119
7360
5810
7153
6458
2593
2689
4011
602
4852
6061
5726
9105
9042
217
7309
6345
8626
1217
6792
4260
1859
6858
1826
1143
5139
7137
5090
8438
3933
8611
5567
8797
1469
1770
6275
9143
7110
4240
3843
951
1832
4190
4420
6846
7768
6552
8014
5174
7101
6461
5565
7830
5906
563
6235
8231
6546
7644
1280
8533
67
816
8848
2309
7655
3640
1159
4970
4326
3166
1249
7982
2467
5837
8884
2268
3178
3464
8388
3932
1264
9122
5988
4089
4046
7352
1825
1629
1729
8692
8372
9451
1833
4301
3678
1694
4277
570
9968
4771
6431
4098
4621
1048
4517
5059
6325
1502
9860
5208
1391
917
9963
2112
302
7990
8451
7963
1055
4604
6328
820
3783
4054
8459
5013
7452
2709
1534
186
4650
481
260
918
8289
5816
8805
1938
2512
3119
9772
6671
9459
8998
3814
86
4812
1746
4891
8036
8511
9965
6811
1443
6622
1464
1883
3597
1697
7557
8174
3879
111
9125
5015
9889
8548
3192
195
1523
2083
56
8705
3294
624
6236
2530
9497
3126
6644
3073
5756
3977
6935
7186
6626
8735
953
703
7070
6331
3897
9347
7828
1866
7843
4297
3255
8895
1562
8853
9702
3690
613
6771
7084
3012
5791
5540
8671
1120
3062
1267
2077
6048
8291
3840
3736
5763
3304
7285
572
8570
5302
726
1021
4694
9789
8444
7182
9994
1301
6978
507
8012
5045
2252
6016
4637
3458
963
8056
6430
9274
7520
8168
6429
3274
6463
2701
8137
3384
2851
7296
879
3278
3310
6687
8018
8466
7708
4050
553
5746
7322
1229
35
8556
8542
7040
869
9087
9594
1212
3181
7812
9748
8625
5337
3349
6728
7770
4595
3477
2765
5997
666
7859
5677
1667
4029
1132
7851
7052
6422
9401
2743
5741
5918
5738
1712
9204
7386
6627
1449
5507
6683
1402
1761
7944
9691
9193
2792
2449
5645
517
5463
2825
243
4055
1313
1967
3588
8272
5078
871
9007
9761
7696
3985
5020
740
282
4742
9844
9641
2277
3465
550
8503
3142
2812
2914
890
7656
6667
1220
7607
3973
1213
1976
2951
5198
5978
9637
2353
2358
3140
7554
4216
9142
6147
6863
7721
334
8687
3147
3797
5410
3803
8563
8557
2660
9325
6
8062
6684
5492
6093
4688
744
7194
1084
8725
8552
1590
9333
886
9152
889
4992
2541
7018
4584
3854
3867
5911
1974
7719
5107
4814
9724
9140
1259
4040
6108
4333
665
7509
2678
2456
2819
4745
7253
6332
9346
6910
6324
3646
3194
2011
5547
6424
8984
5883
3034
7852
6995
5829
369
1153
4446
6183
7879
7333
5517
5334
5514
8457
7446
3176
7185
2360
2733
8723
5315
9505
4735
775
9792
2480
7673
6475
5256
5948
3443
3639
3225
2294
3761
8237
6382
5602
4869
2282
2591
3971
8537
7134
8977
8403
7511
8454
1759
4490
5154
4107
234
4890
3114
2921
3889
7337
3509
4416
5218
8382
4079
2071
3199
2540
3683
5136
9236
6943
8882
