306
629
536
511
173
979
290
481
627
86
166
112
34
220
313
442
240
807
477
452
603
417
895
680
232
911
576
711
100
872
597
662
652
395
117
949
924
408
564
70
159
428
896
292
834
647
10
206
930
344
0
303
22
524
854
864
800
939
616
919
560
48
348
286
642
160
188
755
256
346
989
789
971
573
869
175
806
695
115
628
114
181
63
742
266
714
568
295
916
779
93
261
876
519
596
932
62
461
899
405
959
246
607
404
507
407
284
311
205
847
724
921
561
280
406
444
689
963
851
636
618
953
460
349
791
453
599
7
282
920
148
493
588
928
309
824
383
944
549
328
283
88
489
434
883
528
743
334
828
222
646
49
142
174
802
925
297
746
373
38
23
713
626
972
32
243
850
909
728
52
643
518
441
381
649
639
439
686
229
103
386
757
278
487
841
203
91
875
287
201
891
515
941
803
252
388
817
685
822
264
149
247
908
760
228
326
403
255
676
68
59
584
945
399
602
41
582
81
390
382
559
140
345
640
653
961
991
550
783
539
162
498
134
888
257
717
262
85
508
459
935
819
544
416
80
917
965
200
289
396
712
370
770
975
105
97
333
948
612
248
77
762
617
874
808
119
197
301
977
960
739
853
820
942
274
958
833
110
745
128
136
622
55
815
294
879
132
198
123
83
447
813
955
322
342
196
503
769
904
855
592
490
843
562
782
275
967
509
766
693
973
279
60
455
764
722
423
340
302
897
111
986
379
488
962
298
981
6
46
133
170
337
505
412
145
11
118
316
860
829
805
415
529
663
678
102
47
249
816
438
956
319
673
137
595
555
837
392
317
499
997
212
369
633
176
887
773
427
339
902
720
790
500
886
637
605
474
124
590
601
719
20
300
157
650
387
502
202
330
39
527
138
398
705
276
589
794
756
385
341
927
533
168
784
96
94
74
365
150
970
936
738
436
192
934
788
92
27
53
216
391
631
457
45
475
610
563
268
58
210
433
446
496
450
978
36
315
574
715
209
323
552
894
748
624
169
472
57
814
177
606
139
873
889
566
798
898
400
291
849
901
903
844
984
152
655
95
541
538
996
144
609
28
462
486
454
884
352
914
600
985
33
912
765
21
253
842
147
567
277
250
335
329
431
189
158
13
424
694
710
184
736
377
644
251
374
729
792
771
225
659
285
44
687
324
380
479
218
40
129
583
645
852
840
542
726
578
534
172
907
318
551
998
867
355
731
143
679
809
361
718
862
759
797
99
51
195
593
106
37
420
866
521
178
885
351
968
8
113
522
164
432
648
254
530
594
231
281
199
620
182
485
410
327
750
494
752
608
25
430
445
270
661
900
740
774
696
929
845
78
464
821
331
918
233
440
17
604
878
443
665
651
951
871
656
468
658
402
943
5
393
497
937
611
314
360
480
672
547
238
810
587
690
735
818
359
946
98
258
737
964
635
801
448
449
332
19
910
224
451
621
71
993
56
994
325
674
675
517
614
288
384
244
657
213
753
422
569
320
15
768
730
572
976
484
880
619
830
217
721
414
307
357
482
265
683
183
537
954
146
575
514
861
108
698
259
394
823
825
577
76
947
260
913
366
506
707
397
666
863
82
775
469
204
957
751
426
982
799
988
793
72
473
787
296
241
495
531
520
272
61
641
75
974
667
101
230
211
463
16
532
219
269
571
89
293
43
12
725
310
504
235
237
856
271
350
933
795
336
716
579
155
163
763
378
131
347
548
299
754
868
421
613
684
697
699
545
512
263
14
995
109
467
470
1
4
54
491
708
881
223
591
214
215
338
700
358
305
186
50
870
634
839
732
580
73
777
859
668
191
26
161
153
187
786
767
940
987
692
877
411
120
79
107
476
804
242
343
796
858
581
980
156
990
952
126
458
654
18
367
558
465
151
401
321
435
425
9
245
466
923
741
371
630
69
221
691
615
723
354
526
312
368
966
510
234
892
267
376
632
375
671
154
194
623
778
171
87
389
950
525
356
826
208
660
893
570
104
3
304
179
308
362
727
429
42
832
772
185
670
557
372
418
409
141
227
780
598
992
135
193
540
638
167
483
761
239
273
776
492
84
127
749
2
116
625
456
838
865
236
706
734
922
747
226
709
983
831
190
67
758
906
65
846
688
677
836
554
130
546
66
165
353
543
835
926
478
669
905
556
890
64
501
523
516
122
733
848
513
882
703
553
180
681
565
857
419
30
125
704
24
811
413
207
90
969
29
471
586
121
364
363
31
682
915
664
535
781
35
931
437
744
702
938
812
785
701
999
827
585
