396
1463
1948
1985
156
160
507
740
983
1980
1248
61
1249
765
1583
338
1360
1196
1181
1044
192
1988
1814
166
961
140
974
489
1766
1991
1686
32
1782
722
1071
1058
1322
27
731
524
357
460
506
1826
1558
1536
79
307
710
1506
1858
120
955
939
1274
860
1043
139
1860
110
125
684
1504
441
341
1213
1117
729
927
392
878
1636
1123
1412
577
1005
310
1436
1548
1850
26
1237
1702
965
1230
1787
1188
1113
471
1276
1240
1132
54
2
345
1955
1944
1650
1809
570
1730
5
1939
1313
627
655
1208
1843
1374
980
135
952
1857
1102
326
1089
1932
750
1601
1372
1137
1409
683
204
1653
1013
1539
216
1191
180
1786
384
728
806
1273
987
1793
1121
1701
692
628
483
285
1543
795
857
1096
1557
1451
1003
276
877
773
558
1134
1671
1231
829
1754
327
1616
564
959
531
1771
69
1316
1974
1518
1871
821
1331
0
1717
593
892
242
849
1143
1097
171
1139
1467
356
953
240
836
523
452
858
417
1704
665
1774
1690
145
714
87
1461
981
1408
1020
1214
38
1012
743
759
1524
1107
502
977
1957
1076
943
702
1488
211
308
1365
400
205
697
605
1574
431
215
1954
102
470
1176
1042
1804
870
907
1604
1602
1526
1615
1087
1126
942
281
1269
1204
1639
1885
1424
896
567
1644
1567
742
1979
1605
922
121
1661
573
1861
1285
1085
317
807
1596
58
259
432
676
459
1745
1236
1327
776
1631
1095
1684
1792
1715
1694
1002
375
1666
1673
543
1559
280
494
1128
1330
1130
201
956
92
1193
49
430
1791
670
195
1133
132
945
1986
1238
1350
19
1023
1560
587
931
546
1895
535
804
1312
1658
689
1174
1495
1981
1568
1887
824
1942
1937
453
189
96
1337
730
1290
1280
1242
169
293
1110
413
29
1517
1943
1840
1428
842
1989
680
793
1521
549
1608
885
553
203
84
1024
596
1515
926
993
176
1444
210
1801
1007
446
668
1135
21
819
37
614
1680
1050
1388
1528
1852
81
1752
1969
620
57
1349
636
601
433
1233
1968
1415
966
1930
1323
85
394
1909
1057
1494
1460
234
1445
505
1929
1556
1822
15
442
315
785
1740
1348
487
185
757
830
1540
592
1542
588
607
1632
503
1064
1508
1041
1053
196
1235
672
1246
219
1298
647
1458
17
1031
1370
1239
723
751
782
1157
443
60
1552
1781
1199
809
1535
598
1332
1729
1763
1654
151
1924
354
408
737
1282
279
1951
249
66
364
925
1122
1855
1662
990
1297
304
228
233
1260
1634
1215
59
964
1025
1891
456
1300
1125
1882
755
1286
1152
603
1890
1912
1683
254
387
767
1108
1878
1380
1232
1802
1049
721
1881
300
448
1251
632
1190
1124
377
599
996
344
1160
419
148
633
138
438
1317
275
652
1490
472
1382
658
629
43
70
738
659
660
1764
264
1603
1471
1054
1027
1165
1294
839
1681
495
277
733
548
1422
1026
1630
1022
1565
231
1746
134
454
1865
1170
109
929
1722
1836
1747
1216
884
131
425
902
1640
1825
1094
385
41
1223
1743
560
1270
1384
1161
144
1868
611
161
862
24
1678
1714
361
248
424
1289
1
979
1305
1562
649
1397
114
582
347
752
339
825
1978
31
1040
936
1039
1993
1762
1033
681
594
378
379
450
1056
834
273
1999
1145
1600
295
149
1425
1589
1187
1586
1416
707
779
814
1721
1111
912
1772
999
1387
903
390
1733
1838
1545
1961
47
39
1827
971
1101
1479
890
1068
123
840
1908
179
42
104
294
1829
1916
1903
712
368
229
1413
1806
1092
1998
126
1197
1266
170
510
1501
1823
1987
769
343
1918
499
775
727
1364
28
521
288
1164
340
835
1371
634
268
1879
1670
781
1172
1926
1725
1047
1995
469
1611
186
1614
713
1750
35
1019
154
1339
158
547
1928
1828
1894
1621
386
116
1907
1420
373
36
1178
1720
962
333
822
662
18
537
305
256
1366
82
1059
464
165
1723
1427
1082
10
1877
1767
1700
477
749
370
726
113
30
72
1250
746
1114
985
1443
1546
335
1326
1564
1131
1789
380
447
1996
888
12
1180
550
1674
152
997
1318
568
747
1099
918
1060
90
162
1870
496
244
1470
949
1383
362
1093
1628
705
415
153
1325
1346
427
664
732
353
754
265
325
938
1579
1719
1469
618
350
1369
1211
348
1790
1497
272
1938
1078
1283
958
260
1525
235
641
1622
1472
1940
1417
292
716
217
1344
241
1919
1391
64
1334
1964
1902
1287
1456
1486
1015
720
1138
303
516
1642
1532
1433
856
1407
142
1696
328
595
1578
1222
711
760
1778
463
725
646
541
1609
1509
1744
1036
1613
1464
1872
22
383
1141
1441
1340
763
271
336
625
98
753
1759
1112
1336
512
118
1434
1529
529
1660
1889
642
978
1363
643
1241
1394
188
402
851
869
227
174
1576
1333
209
799
127
1710
911
1760
253
1643
1541
616
1100
1946
881
1083
1353
1585
657
50
9
597
1815
504
247
52
532
199
1886
492
1252
724
184
784
99
1062
1189
1647
1303
1345
608
500
867
1257
1812
1299
284
994
208
1864
609
1751
1034
542
1084
1321
493
159
214
951
678
1311
1590
1582
1846
606
812
245
1361
1358
585
198
923
848
744
879
803
853
418
1179
1355
640
1773
579
1984
1492
291
1695
1185
708
745
401
612
374
790
177
1735
237
45
1688
748
913
1072
1571
1817
117
817
1970
1247
1341
847
1264
1821
1851
1156
613
989
674
1563
967
1255
1520
1669
1664
1853
382
1502
882
735
1392
653
1691
435
6
1421
1218
586
324
136
816
1941
1780
444
436
639
73
1055
1905
777
282
811
935
794
200
1354
798
513
194
1253
520
569
488
1612
934
770
1866
540
1476
846
1385
1127
130
428
527
1876
1453
1226
94
766
1638
1699
591
1118
250
865
106
257
389
832
267
850
78
654
1758
230
355
1874
1477
1001
826
703
1254
986
1432
604
1863
68
622
1405
1593
1291
330
372
318
1777
1888
969
1192
1799
190
844
801
426
1104
1462
864
1795
251
1106
89
1949
937
1265
589
1994
1142
813
706
1713
1404
1063
451
698
466
581
274
479
1245
1324
787
1736
1610
891
1672
1209
1162
1149
187
675
420
1656
1761
908
1898
1862
261
1775
669
1580
699
1847
1514
414
525
837
475
1953
301
491
1011
465
887
1319
421
103
1594
1480
1972
168
915
1595
1588
1455
1030
1698
843
1646
1243
792
119
422
992
1086
534
147
1435
1945
1566
1401
709
1367
105
511
346
1465
998
80
1783
1570
578
1538
342
278
485
1430
1734
673
1067
800
1659
1975
255
704
880
1931
1414
797
973
1475
556
360
1848
1389
1442
1794
1707
533
1295
736
481
1357
1038
314
365
637
369
1618
349
1645
474
1496
889
33
439
1732
667
367
1534
1599
1844
1859
1934
644
1065
1900
645
213
55
530
1569
1966
1018
478
1098
946
1335
1154
243
995
855
561
337
679
298
873
1651
236
1169
376
1140
76
1920
802
388
783
805
1805
218
1724
312
1769
1000
899
1584
617
501
232
468
921
845
416
1259
514
1572
1352
7
1090
741
311
631
715
1835
202
193
1883
768
1742
1728
220
947
1922
1491
1032
580
1839
309
1256
894
1765
1446
863
1386
207
173
623
1080
8
351
602
1665
108
1489
1150
1206
1029
1737
1120
1641
827
621
473
1210
115
1328
1519
133
167
920
910
1687
1741
1079
1757
1198
1474
526
574
437
831
1709
897
1692
1620
1183
1439
1437
1008
758
1655
1220
1399
1962
172
1830
1268
1668
1755
780
1373
808
224
1657
183
1225
1624
302
1343
286
852
225
1400
517
661
941
1849
874
1503
1261
399
476
1395
522
1406
509
991
1990
1813
1959
182
933
40
1153
651
1379
900
262
1997
545
397
600
63
95
1958
1947
1166
1293
1756
988
238
1390
919
1727
137
1229
1359
1554
968
1797
1555
1677
656
143
823
700
77
206
1892
1633
1278
363
1429
688
1368
1109
1148
1824
1627
1423
1911
1718
1833
854
434
1711
1522
1061
53
440
572
270
1834
322
1841
20
693
482
1377
1531
1917
1776
1263
771
1819
544
1342
1168
536
1976
1381
306
1431
1992
1459
155
1244
886
868
1378
1530
51
1967
313
222
1288
1963
663
1035
97
626
1419
1119
406
960
909
56
1703
258
1105
332
1351
1873
1195
538
1936
1410
1927
1652
146
1592
552
1207
1426
1329
429
1466
212
954
976
44
1803
1983
1173
1505
1512
1832
1116
407
455
1308
71
871
895
86
619
197
1004
624
1607
290
691
1292
1553
1667
1816
269
1551
1500
1507
841
1575
764
883
1219
1147
1115
1227
1915
1301
1629
515
932
1768
371
13
866
3
1048
62
316
1375
928
1973
1194
1831
518
1052
1796
461
1904
1726
1484
717
1675
178
694
1663
1201
1284
1473
1617
519
1697
810
940
1676
575
467
1163
1447
107
1009
1081
498
46
23
1175
1513
756
1347
1450
948
1499
1272
1200
1914
1403
1073
1338
1770
445
1487
1818
486
1017
1146
554
1070
1304
1493
924
1635
528
1910
972
1411
957
1867
1753
150
1066
905
1685
1281
1880
984
484
100
559
423
323
67
1921
393
462
1314
1708
1716
287
1748
490
838
1935
16
65
1606
682
1362
906
391
1689
1498
1402
1258
74
1069
1682
571
1965
1712
1800
970
124
1899
1933
904
1626
289
687
1171
1144
319
1028
772
1896
1842
583
944
405
48
1320
975
112
1186
1875
1549
1159
1731
1537
410
1234
1950
901
1798
1925
1679
175
1167
562
898
141
916
789
1016
334
1784
1438
1075
818
1923
791
590
1897
1884
1523
403
1960
1309
828
1952
1483
630
1271
1203
25
671
358
1481
686
1468
696
695
1648
1619
734
1077
1977
893
876
1906
1573
1901
1749
91
761
1808
1224
299
497
1182
1739
1649
480
226
1454
449
1396
930
297
1597
1913
1820
398
1527
409
1485
412
1051
576
458
796
329
762
1221
914
1785
1516
650
1807
283
14
263
366
1510
1452
320
1956
1202
296
381
786
1155
861
1302
719
129
1577
1091
1811
1854
246
1212
1587
1014
1478
1448
1177
635
1045
1705
1010
677
788
963
111
875
1845
820
1262
638
411
101
563
1184
1279
584
555
83
1310
1856
1006
252
404
1598
950
1693
1440
1591
1275
565
539
223
1788
191
1217
352
1837
508
774
685
157
1457
4
1205
221
1561
1267
1869
1544
982
457
1550
163
1547
666
557
1449
1228
1046
1982
718
648
93
833
778
1393
1307
610
1037
1103
75
815
122
1637
917
1088
701
395
1021
739
1511
128
1296
1151
331
1623
1277
1418
1810
1376
566
859
1074
690
1129
1625
1482
11
1398
872
34
1893
181
88
615
321
1706
266
164
551
359
1356
1158
1306
1779
239
1971
1581
1533
1136
1738
1315
