442
408
492
200
459
288
155
458
444
406
436
267
445
39
276
99
303
175
128
339
219
420
132
254
148
348
88
73
417
457
76
277
356
413
373
453
166
49
243
52
233
102
250
20
296
15
392
29
183
265
188
386
86
196
249
477
147
123
298
180
168
231
470
11
257
468
85
245
169
323
51
496
204
287
163
295
482
398
432
260
347
237
367
329
499
466
234
27
425
494
30
34
192
96
358
449
182
380
274
350
109
226
131
291
235
424
218
125
402
252
93
279
487
497
203
21
19
43
152
146
8
24
28
465
309
324
195
443
118
40
379
435
297
50
127
472
284
17
191
154
232
374
327
174
483
215
307
186
247
423
230
395
74
225
471
305
224
322
38
13
12
382
255
419
240
328
481
176
337
308
60
378
57
122
316
14
377
198
338
306
410
33
178
36
158
301
409
389
137
193
467
117
269
82
108
100
62
452
212
143
318
58
366
65
427
415
81
359
396
89
167
454
475
456
217
55
79
352
59
159
208
281
95
129
87
388
311
18
10
7
199
372
460
416
310
140
190
222
134
32
354
213
355
479
294
263
106
3
248
271
37
54
399
407
64
340
403
345
405
35
335
68
394
181
414
97
256
448
321
447
216
6
170
302
349
300
221
304
42
157
440
48
75
229
83
390
71
53
126
429
91
160
103
135
77
194
253
292
31
326
478
78
116
172
246
336
430
489
315
236
185
63
115
142
463
47
23
258
110
285
5
171
369
368
41
90
189
187
227
70
98
139
421
121
450
320
46
162
2
439
375
242
138
94
404
384
434
412
259
365
362
205
451
376
280
107
136
251
273
69
67
113
353
179
317
363
360
437
393
223
486
370
45
331
262
16
211
488
22
498
114
153
346
177
441
151
111
422
343
342
161
1
124
446
165
120
228
462
491
197
0
289
130
149
184
364
391
4
493
164
495
484
385
268
411
84
210
333
286
401
119
290
361
344
431
381
209
239
214
270
278
44
469
383
283
438
66
173
9
341
275
371
61
101
490
476
104
207
351
282
112
455
144
426
238
150
26
428
314
141
397
357
418
92
387
485
244
80
220
330
105
332
473
461
202
464
293
266
474
313
25
201
480
272
400
56
299
319
145
264
241
156
261
325
312
433
334
72
133
206
